banka=18/38	0.18	9	0.3955004	0.0
ihracat=15/36	0.15	9	0.3295837	0.0
yatır=23/95	0.23	4	0.3188477	0.0
derecelendirme=13/37	0.13	9	0.2856392	0.0
vergi=13/34	0.13	9	0.2856392	0.0
dolarlık=12/28	0.12	9	0.2636669	0.0
yatırımcı=12/21	0.12	9	0.2636669	0.0
fitch=11/71	0.11	9	0.2416947	0.0
yapılabil=11/41	0.11	9	0.2416947	0.0
düşüş=16/22	0.16	4	0.2218071	0.0
kredi=16/84	0.16	4	0.2218071	0.0
endeks=10/40	0.1	9	0.2197225	0.0
gerile=10/12	0.1	9	0.2197225	0.0
istihdam=10/14	0.1	9	0.2197225	0.0
ticari=10/22	0.1	9	0.2197225	0.0
yunanistan=10/17	0.1	9	0.2197225	0.0
ürün=19/48	0.19	3	0.2087363	0.0
sanayi=15/38	0.15	4	0.2079442	0.0
artırım=9/25	0.09	9	0.1977502	0.0
artışı=9/26	0.09	9	0.1977502	0.0
ihale=9/21	0.09	9	0.1977502	0.0
milyar=28/81	0.28	2	0.1940812	0.0
düşük=17/24	0.17	3	0.1867641	0.0
artırma=8/11	0.08	9	0.175778	0.0
bank=8/10	0.08	9	0.175778	0.0
borsa=8/14	0.08	9	0.175778	0.0
büyü=16/31	0.16	3	0.175778	0.0
faiz=8/19	0.08	9	0.175778	0.0
fon=8/17	0.08	9	0.175778	0.0
görünüm=8/15	0.08	9	0.175778	0.0
ithalat=8/12	0.08	9	0.175778	0.0
moody=8/36	0.08	9	0.175778	0.0
petrol=8/30	0.08	9	0.175778	0.0
sürdürülebil=8/9	0.08	9	0.175778	0.0
vadeli=8/14	0.08	9	0.175778	0.0
beklenti=12/27	0.12	4	0.1663553	0.0
işletme=12/26	0.12	4	0.1663553	0.0
artacak=7/7	0.07	9	0.1538057	0.0
aşağı=7/7	0.07	9	0.1538057	0.0
birim=7/12	0.07	9	0.1538057	0.0
global=7/16	0.07	9	0.1538057	0.0
his=7/9	0.07	9	0.1538057	0.0
sermaye=7/15	0.07	9	0.1538057	0.0
yumuşak=7/9	0.07	9	0.1538057	0.0
yükselt=7/7	0.07	9	0.1538057	0.0
yürürlük=7/8	0.07	9	0.1538057	0.0
rekabet=11/13	0.11	4	0.1524924	0.0
piyasa=21/57	0.21	2	0.1455609	0.0
mali=13/23	0.13	3	0.1428196	0.0
denetim=10/16	0.1	4	0.1386294	0.0
ekonomik=20/45	0.2	2	0.1386294	0.0
potansiyel=10/15	0.1	4	0.1386294	0.0
üretici=10/20	0.1	4	0.1386294	0.0
artış=12/29	0.12	3	0.1318335	0.0
asya=6/10	0.06	9	0.1318335	0.0
azal=6/6	0.06	9	0.1318335	0.0
azerbaycan=6/11	0.06	9	0.1318335	0.0
belge=6/13	0.06	9	0.1318335	0.0
büyüyen=6/9	0.06	9	0.1318335	0.0
enflasyon=6/37	0.06	9	0.1318335	0.0
finansman=6/8	0.06	9	0.1318335	0.0
fuar=6/42	0.06	9	0.1318335	0.0
güçlen=6/6	0.06	9	0.1318335	0.0
hacim=6/7	0.06	9	0.1318335	0.0
hat=6/15	0.06	9	0.1318335	0.0
hindistan=6/9	0.06	9	0.1318335	0.0
ihraç=6/7	0.06	9	0.1318335	0.0
istikrar=6/10	0.06	9	0.1318335	0.0
motor=6/11	0.06	9	0.1318335	0.0
perakende=6/10	0.06	9	0.1318335	0.0
tasarruf=6/12	0.06	9	0.1318335	0.0
yatırım=12/27	0.12	3	0.1318335	0.0
bütçe=9/15	0.09	4	0.1247665	0.0
ceo=9/16	0.09	4	0.1247665	0.0
euro=9/30	0.09	4	0.1247665	0.0
puan=9/23	0.09	4	0.1247665	0.0
teknoloji=18/32	0.18	2	0.1247665	0.0
tüketici=9/14	0.09	4	0.1247665	0.0
kullanılan=11/18	0.11	3	0.1208474	0.0
kamu=17/32	0.17	2	0.117835	0.0
ticaret=17/33	0.17	2	0.117835	0.0
üretim=17/52	0.17	2	0.117835	0.0
gerçekleştiril=8/10	0.08	4	0.1109035	0.0
mal=8/9	0.08	4	0.1109035	0.0
maliyet=8/12	0.08	4	0.1109035	0.0
marka=8/28	0.08	4	0.1109035	0.0
ortaklık=8/14	0.08	4	0.1109035	0.0
akış=5/6	0.05	9	0.1098612	0.0
babacan=5/16	0.05	9	0.1098612	0.0
bbb=5/13	0.05	9	0.1098612	0.0
bölgesel=5/10	0.05	9	0.1098612	0.0
cari=5/14	0.05	9	0.1098612	0.0
ciro=5/15	0.05	9	0.1098612	0.0
denge=5/9	0.05	9	0.1098612	0.0
esas=5/6	0.05	9	0.1098612	0.0
finans=5/7	0.05	9	0.1098612	0.0
gerçekleş=10/18	0.1	3	0.1098612	0.0
geçirecek=5/5	0.05	9	0.1098612	0.0
giyim=5/21	0.05	9	0.1098612	0.0
hafif=5/12	0.05	9	0.1098612	0.0
hedefle=5/10	0.05	9	0.1098612	0.0
ihracatçı=5/6	0.05	9	0.1098612	0.0
işsizlik=5/9	0.05	9	0.1098612	0.0
kış=5/21	0.05	9	0.1098612	0.0
luk=5/7	0.05	9	0.1098612	0.0
memnu=5/6	0.05	9	0.1098612	0.0
olumlu=10/19	0.1	3	0.1098612	0.0
ortalama=10/16	0.1	3	0.1098612	0.0
planlanan=5/5	0.05	9	0.1098612	0.0
rezerv=5/7	0.05	9	0.1098612	0.0
sevi=5/7	0.05	9	0.1098612	0.0
tescil=5/6	0.05	9	0.1098612	0.0
teyit=5/7	0.05	9	0.1098612	0.0
ton=5/18	0.05	9	0.1098612	0.0
yapısal=5/7	0.05	9	0.1098612	0.0
yönetmelik=5/13	0.05	9	0.1098612	0.0
çağlayan=5/13	0.05	9	0.1098612	0.0
üncü=5/7	0.05	9	0.1098612	0.0
başbakan=15/29	0.15	2	0.1039721	0.0
politika=15/27	0.15	2	0.1039721	0.0
kullanım=9/9	0.09	3	0.0988751	0.0
artırılma=7/9	0.07	4	0.0970406	0.0
bankacılık=7/14	0.07	4	0.0970406	0.0
bor=7/19	0.07	4	0.0970406	0.0
büyüme=14/22	0.14	2	0.0970406	0.0
harcama=7/8	0.07	4	0.0970406	0.0
iniş=7/8	0.07	4	0.0970406	0.0
kalite=7/10	0.07	4	0.0970406	0.0
kriz=14/34	0.14	2	0.0970406	0.0
tedbir=7/7	0.07	4	0.0970406	0.0
tüketim=7/9	0.07	4	0.0970406	0.0
ulaştırma=7/9	0.07	4	0.0970406	0.0
yabancı=14/24	0.14	2	0.0970406	0.0
ölçü=7/11	0.07	4	0.0970406	0.0
hızlı=13/16	0.13	2	0.0901091	0.0
kurum=13/14	0.13	2	0.0901091	0.0
küresel=13/21	0.13	2	0.0901091	0.0
not=13/145	0.13	2	0.0901091	0.0
artarak=4/5	0.04	9	0.087889	0.0
artıracak=4/5	0.04	9	0.087889	0.0
artışın=4/4	0.04	9	0.087889	0.0
avro=4/8	0.04	9	0.087889	0.0
ayakkabı=4/7	0.04	9	0.087889	0.0
azalarak=4/12	0.04	9	0.087889	0.0
azalt=4/4	0.04	9	0.087889	0.0
azalış=4/4	0.04	9	0.087889	0.0
bankası=4/4	0.04	9	0.087889	0.0
bağla=4/4	0.04	9	0.087889	0.0
bağımlılık=4/5	0.04	9	0.087889	0.0
beklendik=4/4	0.04	9	0.087889	0.0
bilinç=4/5	0.04	9	0.087889	0.0
cinsi=4/8	0.04	9	0.087889	0.0
distribütör=4/12	0.04	9	0.087889	0.0
doğalgaz=4/6	0.04	9	0.087889	0.0
durağan=4/6	0.04	9	0.087889	0.0
döviz=4/5	0.04	9	0.087889	0.0
ekonomist=4/12	0.04	9	0.087889	0.0
etkilenen=4/4	0.04	9	0.087889	0.0
fren=4/6	0.04	9	0.087889	0.0
gider=4/4	0.04	9	0.087889	0.0
girişimcilik=4/5	0.04	9	0.087889	0.0
hisse=4/11	0.04	9	0.087889	0.0
imkb=4/7	0.04	9	0.087889	0.0
indirim=4/10	0.04	9	0.087889	0.0
kademeli=4/8	0.04	9	0.087889	0.0
kapanış=4/4	0.04	9	0.087889	0.0
kapat=4/4	0.04	9	0.087889	0.0
katma=4/5	0.04	9	0.087889	0.0
kaynaklı=4/6	0.04	9	0.087889	0.0
kullanılma=8/11	0.08	3	0.087889	0.0
mb=4/9	0.04	9	0.087889	0.0
metrekarelik=4/7	0.04	9	0.087889	0.0
net=4/4	0.04	9	0.087889	0.0
otomotiv=4/13	0.04	9	0.087889	0.0
portekiz=4/4	0.04	9	0.087889	0.0
portföy=4/4	0.04	9	0.087889	0.0
reform=4/4	0.04	9	0.087889	0.0
sanayici=4/5	0.04	9	0.087889	0.0
satılan=4/5	0.04	9	0.087889	0.0
si=4/7	0.04	9	0.087889	0.0
sürme=4/4	0.04	9	0.087889	0.0
takma=4/5	0.04	9	0.087889	0.0
tpao=4/20	0.04	9	0.087889	0.0
tutar=4/5	0.04	9	0.087889	0.0
ulaşıl=4/6	0.04	9	0.087889	0.0
verimlilik=4/5	0.04	9	0.087889	0.0
yönlü=4/5	0.04	9	0.087889	0.0
yükseliş=4/7	0.04	9	0.087889	0.0
zam=4/8	0.04	9	0.087889	0.0
denet=6/14	0.06	4	0.0831777	0.0
eğilim=6/6	0.06	4	0.0831777	0.0
finansal=6/12	0.06	4	0.0831777	0.0
haberleşme=6/7	0.06	4	0.0831777	0.0
istatistik=6/6	0.06	4	0.0831777	0.0
müşteri=6/10	0.06	4	0.0831777	0.0
paralel=6/7	0.06	4	0.0831777	0.0
sat=12/22	0.12	2	0.0831777	0.0
teşvik=6/7	0.06	4	0.0831777	0.0
yolcu=6/19	0.06	4	0.0831777	0.0
çizen=6/6	0.06	4	0.0831777	0.0
ücret=6/50	0.06	4	0.0831777	0.0
afrika=7/8	0.07	3	0.0769029	0.0
bina=7/35	0.07	3	0.0769029	0.0
boyut=7/7	0.07	3	0.0769029	0.0
geliştirme=7/14	0.07	3	0.0769029	0.0
kategori=7/16	0.07	3	0.0769029	0.0
mark=7/15	0.07	3	0.0769029	0.0
milli=7/12	0.07	3	0.0769029	0.0
ortadoğu=7/15	0.07	3	0.0769029	0.0
otel=7/9	0.07	3	0.0769029	0.0
otomobil=7/35	0.07	3	0.0769029	0.0
risk=7/12	0.07	3	0.0769029	0.0
siyasi=7/12	0.07	3	0.0769029	0.0
standart=7/13	0.07	3	0.0769029	0.0
pay=11/26	0.11	2	0.0762462	0.0
veri=11/18	0.11	2	0.0762462	0.0
adım=5/7	0.05	4	0.0693147	0.0
anlayış=5/7	0.05	4	0.0693147	0.0
arap=5/5	0.05	4	0.0693147	0.0
artırdık=5/6	0.05	4	0.0693147	0.0
baz=5/12	0.05	4	0.0693147	0.0
büyüklük=5/5	0.05	4	0.0693147	0.0
destekle=5/7	0.05	4	0.0693147	0.0
değ=5/6	0.05	4	0.0693147	0.0
endüstri=5/5	0.05	4	0.0693147	0.0
gerekli=10/10	0.1	2	0.0693147	0.0
gümrük=5/7	0.05	4	0.0693147	0.0
holding=5/16	0.05	4	0.0693147	0.0
inşa=5/5	0.05	4	0.0693147	0.0
italya=5/8	0.05	4	0.0693147	0.0
ithal=5/8	0.05	4	0.0693147	0.0
konut=5/8	0.05	4	0.0693147	0.0
korunma=5/5	0.05	4	0.0693147	0.0
koşul=5/6	0.05	4	0.0693147	0.0
kurumsal=5/13	0.05	4	0.0693147	0.0
olabilecek=5/5	0.05	4	0.0693147	0.0
olumsuz=5/7	0.05	4	0.0693147	0.0
sertifika=5/11	0.05	4	0.0693147	0.0
yukarı=5/5	0.05	4	0.0693147	0.0
zorunluluk=5/6	0.05	4	0.0693147	0.0
çıkarılma=5/5	0.05	4	0.0693147	0.0
ödeme=5/8	0.05	4	0.0693147	0.0
ajans=3/9	0.03	9	0.0659167	0.0
alkollü=3/5	0.03	9	0.0659167	0.0
alman=6/6	0.06	3	0.0659167	0.0
amaçlayan=3/3	0.03	9	0.0659167	0.0
analist=3/6	0.03	9	0.0659167	0.0
artarken=3/3	0.03	9	0.0659167	0.0
arçelik=3/9	0.03	9	0.0659167	0.0
autoshow=3/8	0.03	9	0.0659167	0.0
açıklan=3/3	0.03	9	0.0659167	0.0
açıklanan=3/5	0.03	9	0.0659167	0.0
başvuru=6/7	0.06	3	0.0659167	0.0
bb=3/7	0.03	9	0.0659167	0.0
belediye=6/9	0.06	3	0.0659167	0.0
belirleme=3/3	0.03	9	0.0659167	0.0
belirsizlik=3/4	0.03	9	0.0659167	0.0
beyanname=3/5	0.03	9	0.0659167	0.0
bilanço=3/3	0.03	9	0.0659167	0.0
bileşik=3/4	0.03	9	0.0659167	0.0
birincilik=3/3	0.03	9	0.0659167	0.0
birleş=3/5	0.03	9	0.0659167	0.0
bono=3/4	0.03	9	0.0659167	0.0
borçlanma=3/3	0.03	9	0.0659167	0.0
bp=3/15	0.03	9	0.0659167	0.0
dahili=3/3	0.03	9	0.0659167	0.0
dayanıklı=3/4	0.03	9	0.0659167	0.0
dağıtım=3/4	0.03	9	0.0659167	0.0
denetlen=3/3	0.03	9	0.0659167	0.0
değerlendiril=3/4	0.03	9	0.0659167	0.0
değişme=3/3	0.03	9	0.0659167	0.0
döneme=3/3	0.03	9	0.0659167	0.0
edemedik=3/3	0.03	9	0.0659167	0.0
ekipman=3/4	0.03	9	0.0659167	0.0
emekli=3/3	0.03	9	0.0659167	0.0
enstitü=3/3	0.03	9	0.0659167	0.0
etap=6/7	0.06	3	0.0659167	0.0
etkilenme=3/3	0.03	9	0.0659167	0.0
etmedik=3/6	0.03	9	0.0659167	0.0
fırtına=3/3	0.03	9	0.0659167	0.0
fıtch=3/3	0.03	9	0.0659167	0.0
gaz=6/10	0.06	3	0.0659167	0.0
ge=3/4	0.03	9	0.0659167	0.0
geliştir=3/3	0.03	9	0.0659167	0.0
gerileme=3/4	0.03	9	0.0659167	0.0
gerileyen=3/3	0.03	9	0.0659167	0.0
getirmek=3/3	0.03	9	0.0659167	0.0
gidilecek=3/7	0.03	9	0.0659167	0.0
girecek=3/3	0.03	9	0.0659167	0.0
güneydoğu=3/4	0.03	9	0.0659167	0.0
gürcistan=3/3	0.03	9	0.0659167	0.0
harcadık=3/3	0.03	9	0.0659167	0.0
havaalan=3/7	0.03	9	0.0659167	0.0
hedefledik=3/4	0.03	9	0.0659167	0.0
hükümet=6/7	0.06	3	0.0659167	0.0
ilgilendir=3/3	0.03	9	0.0659167	0.0
inovasyon=3/5	0.03	9	0.0659167	0.0
iso=3/7	0.03	9	0.0659167	0.0
iyileşme=3/6	0.03	9	0.0659167	0.0
izlanda=3/4	0.03	9	0.0659167	0.0
işadamları=3/6	0.03	9	0.0659167	0.0
kalabil=3/3	0.03	9	0.0659167	0.0
kapama=3/3	0.03	9	0.0659167	0.0
kapasiteli=3/3	0.03	9	0.0659167	0.0
kapsa=3/3	0.03	9	0.0659167	0.0
karşılıklı=3/4	0.03	9	0.0659167	0.0
kazandırdık=3/3	0.03	9	0.0659167	0.0
kdv=3/8	0.03	9	0.0659167	0.0
kentsel=3/5	0.03	9	0.0659167	0.0
kimya=3/3	0.03	9	0.0659167	0.0
km=3/4	0.03	9	0.0659167	0.0
konferans=3/8	0.03	9	0.0659167	0.0
koru=3/3	0.03	9	0.0659167	0.0
kurul=6/10	0.06	3	0.0659167	0.0
kuruş=3/7	0.03	9	0.0659167	0.0
lastik=3/17	0.03	9	0.0659167	0.0
liralık=3/6	0.03	9	0.0659167	0.0
lisans=3/3	0.03	9	0.0659167	0.0
litre=3/5	0.03	9	0.0659167	0.0
lojistik=3/32	0.03	9	0.0659167	0.0
lokanta=3/8	0.03	9	0.0659167	0.0
lüks=3/6	0.03	9	0.0659167	0.0
maaş=3/6	0.03	9	0.0659167	0.0
maden=3/7	0.03	9	0.0659167	0.0
maliye=3/6	0.03	9	0.0659167	0.0
menkul=3/3	0.03	9	0.0659167	0.0
merkezli=3/3	0.03	9	0.0659167	0.0
metrekare=3/7	0.03	9	0.0659167	0.0
mevzuat=3/4	0.03	9	0.0659167	0.0
mezun=3/4	0.03	9	0.0659167	0.0
miktar=6/8	0.06	3	0.0659167	0.0
mühendislik=3/4	0.03	9	0.0659167	0.0
ndeki=3/3	0.03	9	0.0659167	0.0
nezdinde=3/3	0.03	9	0.0659167	0.0
od=3/3	0.03	9	0.0659167	0.0
odak=3/3	0.03	9	0.0659167	0.0
organizasyon=6/10	0.06	3	0.0659167	0.0
planlama=3/3	0.03	9	0.0659167	0.0
planlan=3/3	0.03	9	0.0659167	0.0
pozitif=3/3	0.03	9	0.0659167	0.0
radar=3/3	0.03	9	0.0659167	0.0
resesyon=3/3	0.03	9	0.0659167	0.0
rusya=6/7	0.06	3	0.0659167	0.0
sayılı=3/3	0.03	9	0.0659167	0.0
senet=3/3	0.03	9	0.0659167	0.0
sgk=3/7	0.03	9	0.0659167	0.0
sipariş=3/3	0.03	9	0.0659167	0.0
tahvil=3/7	0.03	9	0.0659167	0.0
takmayan=3/6	0.03	9	0.0659167	0.0
tamamlanma=3/4	0.03	9	0.0659167	0.0
tart=3/3	0.03	9	0.0659167	0.0
tekstil=3/15	0.03	9	0.0659167	0.0
teslim=6/7	0.06	3	0.0659167	0.0
tolerans=3/3	0.03	9	0.0659167	0.0
tonluk=3/3	0.03	9	0.0659167	0.0
tren=3/3	0.03	9	0.0659167	0.0
tübitak=3/8	0.03	9	0.0659167	0.0
tüik=3/6	0.03	9	0.0659167	0.0
tüketilen=3/3	0.03	9	0.0659167	0.0
tütün=3/3	0.03	9	0.0659167	0.0
ukrayna=3/3	0.03	9	0.0659167	0.0
usuller=3/3	0.03	9	0.0659167	0.0
uyar=3/4	0.03	9	0.0659167	0.0
vade=3/6	0.03	9	0.0659167	0.0
yapabilecek=3/3	0.03	9	0.0659167	0.0
yaptırılma=3/3	0.03	9	0.0659167	0.0
yavaş=3/6	0.03	9	0.0659167	0.0
yavaşlama=3/3	0.03	9	0.0659167	0.0
yayma=3/3	0.03	9	0.0659167	0.0
yenile=3/3	0.03	9	0.0659167	0.0
yenileme=3/4	0.03	9	0.0659167	0.0
yerel=6/12	0.06	3	0.0659167	0.0
yerli=6/13	0.06	3	0.0659167	0.0
yeterlilik=3/3	0.03	9	0.0659167	0.0
yoğunlaş=3/3	0.03	9	0.0659167	0.0
yunanlılar=3/5	0.03	9	0.0659167	0.0
yurtdışında=3/3	0.03	9	0.0659167	0.0
yurtdışından=3/4	0.03	9	0.0659167	0.0
yüklenme=3/3	0.03	9	0.0659167	0.0
yükseltme=3/3	0.03	9	0.0659167	0.0
yürüt=3/3	0.03	9	0.0659167	0.0
zirve=6/16	0.06	3	0.0659167	0.0
çekecek=3/3	0.03	9	0.0659167	0.0
ödedik=3/3	0.03	9	0.0659167	0.0
üreten=3/6	0.03	9	0.0659167	0.0
ısı=3/3	0.03	9	0.0659167	0.0
almanya=9/16	0.09	2	0.0623832	0.0
civar=9/12	0.09	2	0.0623832	0.0
enerji=9/66	0.09	2	0.0623832	0.0
sene=9/22	0.09	2	0.0623832	0.0
vurgula=9/11	0.09	2	0.0623832	0.0
aktaran=4/4	0.04	4	0.0554518	0.0
alabil=4/4	0.04	4	0.0554518	0.0
aracı=8/11	0.08	2	0.0554518	0.0
artması=4/4	0.04	4	0.0554518	0.0
aylık=8/31	0.08	2	0.0554518	0.0
azalma=4/5	0.04	4	0.0554518	0.0
bahar=4/7	0.04	4	0.0554518	0.0
bekleme=4/5	0.04	4	0.0554518	0.0
belirlenen=4/4	0.04	4	0.0554518	0.0
borç=4/7	0.04	4	0.0554518	0.0
bulgaristan=4/4	0.04	4	0.0554518	0.0
daki=8/11	0.08	2	0.0554518	0.0
denizcilik=4/5	0.04	4	0.0554518	0.0
eşya=4/6	0.04	4	0.0554518	0.0
gelebilecek=4/4	0.04	4	0.0554518	0.0
gelir=4/5	0.04	4	0.0554518	0.0
hürriyet=4/6	0.04	4	0.0554518	0.0
icra=4/4	0.04	4	0.0554518	0.0
idari=4/7	0.04	4	0.0554518	0.0
kapan=4/5	0.04	4	0.0554518	0.0
konsey=4/10	0.04	4	0.0554518	0.0
makam=4/5	0.04	4	0.0554518	0.0
mevcut=8/10	0.08	2	0.0554518	0.0
mühendis=4/5	0.04	4	0.0554518	0.0
ndan=4/4	0.04	4	0.0554518	0.0
ni=4/4	0.04	4	0.0554518	0.0
oba=4/49	0.04	4	0.0554518	0.0
organize=4/4	0.04	4	0.0554518	0.0
recep=4/4	0.04	4	0.0554518	0.0
sahiplik=4/8	0.04	4	0.0554518	0.0
sağlayacak=4/5	0.04	4	0.0554518	0.0
sefer=4/13	0.04	4	0.0554518	0.0
tayyip=4/4	0.04	4	0.0554518	0.0
tut=8/8	0.08	2	0.0554518	0.0
ulaştık=4/4	0.04	4	0.0554518	0.0
uçurum=4/4	0.04	4	0.0554518	0.0
ziyaretçi=4/5	0.04	4	0.0554518	0.0
çözüm=4/4	0.04	4	0.0554518	0.0
önlem=4/4	0.04	4	0.0554518	0.0
ab=5/8	0.05	3	0.0549306	0.0
adet=5/29	0.05	3	0.0549306	0.0
alışveriş=5/7	0.05	3	0.0549306	0.0
arttığını=5/5	0.05	3	0.0549306	0.0
aş=5/7	0.05	3	0.0549306	0.0
aşama=5/9	0.05	3	0.0549306	0.0
başlan=5/6	0.05	3	0.0549306	0.0
emniyet=5/5	0.05	3	0.0549306	0.0
geçir=5/5	0.05	3	0.0549306	0.0
işçi=5/11	0.05	3	0.0549306	0.0
kore=5/5	0.05	3	0.0549306	0.0
kural=5/5	0.05	3	0.0549306	0.0
metre=5/10	0.05	3	0.0549306	0.0
nüfus=5/6	0.05	3	0.0549306	0.0
seyahat=5/8	0.05	3	0.0549306	0.0
seçi=5/16	0.05	3	0.0549306	0.0
seçim=5/11	0.05	3	0.0549306	0.0
sunu=5/5	0.05	3	0.0549306	0.0
tar=5/23	0.05	3	0.0549306	0.0
yaklaşım=5/7	0.05	3	0.0549306	0.0
yatak=5/7	0.05	3	0.0549306	0.0
yayımlan=5/5	0.05	3	0.0549306	0.0
öncelik=5/7	0.05	3	0.0549306	0.0
düzenleme=7/15	0.07	2	0.0485203	0.0
kapasite=7/8	0.07	2	0.0485203	0.0
sert=7/13	0.07	2	0.0485203	0.0
sorumlu=7/10	0.07	2	0.0485203	0.0
teklif=7/8	0.07	2	0.0485203	0.0
çerçeve=7/7	0.07	2	0.0485203	0.0
çin=7/8	0.07	2	0.0485203	0.0
üçüncü=7/8	0.07	2	0.0485203	0.0
anket=4/7	0.04	3	0.0439445	0.0
arama=4/6	0.04	3	0.0439445	0.0
arazi=4/5	0.04	3	0.0439445	0.0
değerlendir=4/4	0.04	3	0.0439445	0.0
endişe=4/5	0.04	3	0.0439445	0.0
fazla=4/7	0.04	3	0.0439445	0.0
gıda=4/20	0.04	3	0.0439445	0.0
hatırlat=4/5	0.04	3	0.0439445	0.0
hatırlatan=4/4	0.04	3	0.0439445	0.0
idare=4/5	0.04	3	0.0439445	0.0
ikili=4/5	0.04	3	0.0439445	0.0
ilave=4/4	0.04	3	0.0439445	0.0
kapı=4/4	0.04	3	0.0439445	0.0
kullanıldık=4/4	0.04	3	0.0439445	0.0
londra=4/5	0.04	3	0.0439445	0.0
meclis=4/5	0.04	3	0.0439445	0.0
meyve=4/5	0.04	3	0.0439445	0.0
parça=4/5	0.04	3	0.0439445	0.0
sağlama=4/5	0.04	3	0.0439445	0.0
sağlamak=4/4	0.04	3	0.0439445	0.0
seçenek=4/5	0.04	3	0.0439445	0.0
seçilme=4/7	0.04	3	0.0439445	0.0
siyaset=4/7	0.04	3	0.0439445	0.0
tane=4/9	0.04	3	0.0439445	0.0
turizm=4/37	0.04	3	0.0439445	0.0
çekerek=4/4	0.04	3	0.0439445	0.0
acar=3/22	0.03	4	0.0415888	0.0
ajansı=3/5	0.03	4	0.0415888	0.0
akıllı=3/8	0.03	4	0.0415888	0.0
amaç=3/3	0.03	4	0.0415888	0.0
aralık=6/9	0.06	2	0.0415888	0.0
artır=3/6	0.03	4	0.0415888	0.0
asgari=3/17	0.03	4	0.0415888	0.0
azaltılma=3/6	0.03	4	0.0415888	0.0
açıklayan=3/3	0.03	4	0.0415888	0.0
balık=3/7	0.03	4	0.0415888	0.0
barack=3/10	0.03	4	0.0415888	0.0
başlama=6/6	0.06	2	0.0415888	0.0
başlangıç=3/4	0.03	4	0.0415888	0.0
başlatılan=3/3	0.03	4	0.0415888	0.0
başlıklı=3/3	0.03	4	0.0415888	0.0
beklenen=3/3	0.03	4	0.0415888	0.0
bira=3/3	0.03	4	0.0415888	0.0
birer=3/4	0.03	4	0.0415888	0.0
dinamik=3/6	0.03	4	0.0415888	0.0
direktör=6/7	0.06	2	0.0415888	0.0
edilmek=3/3	0.03	4	0.0415888	0.0
elektrik=6/11	0.06	2	0.0415888	0.0
erdoğan=6/12	0.06	2	0.0415888	0.0
eşit=3/3	0.03	4	0.0415888	0.0
fonksiyon=3/3	0.03	4	0.0415888	0.0
gelişmek=3/5	0.03	4	0.0415888	0.0
getirilme=3/3	0.03	4	0.0415888	0.0
görü=3/5	0.03	4	0.0415888	0.0
görüşül=3/3	0.03	4	0.0415888	0.0
gösteren=6/8	0.06	2	0.0415888	0.0
gösterilen=3/3	0.03	4	0.0415888	0.0
haziran=3/4	0.03	4	0.0415888	0.0
husus=3/4	0.03	4	0.0415888	0.0
irade=3/4	0.03	4	0.0415888	0.0
iran=3/7	0.03	4	0.0415888	0.0
izin=3/3	0.03	4	0.0415888	0.0
jandarma=3/3	0.03	4	0.0415888	0.0
kalkınma=3/11	0.03	4	0.0415888	0.0
kanal=3/3	0.03	4	0.0415888	0.0
katlı=3/3	0.03	4	0.0415888	0.0
kayıp=6/10	0.06	2	0.0415888	0.0
kesil=3/5	0.03	4	0.0415888	0.0
kilit=3/3	0.03	4	0.0415888	0.0
komisyon=3/4	0.03	4	0.0415888	0.0
komite=3/6	0.03	4	0.0415888	0.0
komutanlık=3/3	0.03	4	0.0415888	0.0
kurma=3/3	0.03	4	0.0415888	0.0
liderlik=3/3	0.03	4	0.0415888	0.0
mağaza=3/8	0.03	4	0.0415888	0.0
memur=3/4	0.03	4	0.0415888	0.0
millet=3/5	0.03	4	0.0415888	0.0
na=6/7	0.06	2	0.0415888	0.0
nisa=6/8	0.06	2	0.0415888	0.0
numaralı=3/3	0.03	4	0.0415888	0.0
olanak=3/3	0.03	4	0.0415888	0.0
olası=3/3	0.03	4	0.0415888	0.0
partner=3/3	0.03	4	0.0415888	0.0
patlama=3/3	0.03	4	0.0415888	0.0
protokol=3/4	0.03	4	0.0415888	0.0
psikolojik=3/5	0.03	4	0.0415888	0.0
romanya=3/3	0.03	4	0.0415888	0.0
sahil=3/3	0.03	4	0.0415888	0.0
sağlanma=3/3	0.03	4	0.0415888	0.0
sendika=3/4	0.03	4	0.0415888	0.0
suret=3/3	0.03	4	0.0415888	0.0
sınırlı=3/3	0.03	4	0.0415888	0.0
ta=6/13	0.06	2	0.0415888	0.0
tamamlan=3/5	0.03	4	0.0415888	0.0
taşıma=3/5	0.03	4	0.0415888	0.0
telekom=3/4	0.03	4	0.0415888	0.0
temel=6/8	0.06	2	0.0415888	0.0
tr=3/4	0.03	4	0.0415888	0.0
turist=3/4	0.03	4	0.0415888	0.0
uygulan=3/3	0.03	4	0.0415888	0.0
uçak=3/26	0.03	4	0.0415888	0.0
uğur=3/4	0.03	4	0.0415888	0.0
yelpaze=3/3	0.03	4	0.0415888	0.0
yetki=3/5	0.03	4	0.0415888	0.0
yeşil=3/4	0.03	4	0.0415888	0.0
yurtdışı=3/3	0.03	4	0.0415888	0.0
yönet=3/3	0.03	4	0.0415888	0.0
yüksel=6/7	0.06	2	0.0415888	0.0
zorunlu=3/3	0.03	4	0.0415888	0.0
çanta=3/5	0.03	4	0.0415888	0.0
çekilme=3/3	0.03	4	0.0415888	0.0
çevir=3/3	0.03	4	0.0415888	0.0
ısınma=3/7	0.03	4	0.0415888	0.0
şimşek=3/18	0.03	4	0.0415888	0.0
şok=3/12	0.03	4	0.0415888	0.0
analiz=5/11	0.05	2	0.0346574	0.0
belirle=5/9	0.05	2	0.0346574	0.0
bölü=5/9	0.05	2	0.0346574	0.0
değerlendiren=5/5	0.05	2	0.0346574	0.0
düzenlen=5/8	0.05	2	0.0346574	0.0
düşme=5/7	0.05	2	0.0346574	0.0
gerçekleştirdik=5/5	0.05	2	0.0346574	0.0
getiril=5/7	0.05	2	0.0346574	0.0
geçiş=5/5	0.05	2	0.0346574	0.0
girdik=5/5	0.05	2	0.0346574	0.0
gül=5/5	0.05	2	0.0346574	0.0
güve=5/5	0.05	2	0.0346574	0.0
kazandık=5/6	0.05	2	0.0346574	0.0
kazanma=5/6	0.05	2	0.0346574	0.0
kullanma=5/5	0.05	2	0.0346574	0.0
lider=5/9	0.05	2	0.0346574	0.0
saha=5/10	0.05	2	0.0346574	0.0
sezon=5/11	0.05	2	0.0346574	0.0
toplan=5/6	0.05	2	0.0346574	0.0
varlık=5/5	0.05	2	0.0346574	0.0
çap=5/12	0.05	2	0.0346574	0.0
çektik=5/5	0.05	2	0.0346574	0.0
alınarak=3/3	0.03	3	0.0329584	0.0
amerikan=3/9	0.03	3	0.0329584	0.0
ağırla=3/3	0.03	3	0.0329584	0.0
bağımsız=3/3	0.03	3	0.0329584	0.0
başlayacak=3/3	0.03	3	0.0329584	0.0
beledi=3/8	0.03	3	0.0329584	0.0
bulunmak=3/3	0.03	3	0.0329584	0.0
bünye=3/4	0.03	3	0.0329584	0.0
bırak=3/5	0.03	3	0.0329584	0.0
coğrafya=3/4	0.03	3	0.0329584	0.0
cumhurbaşkan=3/4	0.03	3	0.0329584	0.0
cumhuriyet=3/4	0.03	3	0.0329584	0.0
dal=3/6	0.03	3	0.0329584	0.0
darbe=3/4	0.03	3	0.0329584	0.0
denil=3/3	0.03	3	0.0329584	0.0
disiplin=3/3	0.03	3	0.0329584	0.0
doğan=3/11	0.03	3	0.0329584	0.0
duyuru=3/6	0.03	3	0.0329584	0.0
dördüncü=3/4	0.03	3	0.0329584	0.0
düzenlenme=3/3	0.03	3	0.0329584	0.0
elazığ=3/4	0.03	3	0.0329584	0.0
etkile=3/3	0.03	3	0.0329584	0.0
fransa=3/5	0.03	3	0.0329584	0.0
fırsat=3/4	0.03	3	0.0329584	0.0
gelip=3/3	0.03	3	0.0329584	0.0
getirerek=3/3	0.03	3	0.0329584	0.0
görmek=3/3	0.03	3	0.0329584	0.0
hastalık=3/4	0.03	3	0.0329584	0.0
hazırlanan=3/3	0.03	3	0.0329584	0.0
iade=3/4	0.03	3	0.0329584	0.0
ilan=3/5	0.03	3	0.0329584	0.0
ilçe=3/8	0.03	3	0.0329584	0.0
ispanya=3/3	0.03	3	0.0329584	0.0
itibar=3/3	0.03	3	0.0329584	0.0
kanunu=3/3	0.03	3	0.0329584	0.0
kapsamlı=3/3	0.03	3	0.0329584	0.0
kasırga=3/9	0.03	3	0.0329584	0.0
kavram=3/3	0.03	3	0.0329584	0.0
komşu=3/3	0.03	3	0.0329584	0.0
mensup=3/4	0.03	3	0.0329584	0.0
meslek=3/8	0.03	3	0.0329584	0.0
murat=3/3	0.03	3	0.0329584	0.0
olama=3/3	0.03	3	0.0329584	0.0
paris=3/4	0.03	3	0.0329584	0.0
prim=3/4	0.03	3	0.0329584	0.0
sandy=3/6	0.03	3	0.0329584	0.0
serbest=3/4	0.03	3	0.0329584	0.0
seçme=3/4	0.03	3	0.0329584	0.0
stratejik=3/6	0.03	3	0.0329584	0.0
sürdük=3/3	0.03	3	0.0329584	0.0
tamamla=3/3	0.03	3	0.0329584	0.0
tasar=3/10	0.03	3	0.0329584	0.0
temsil=3/3	0.03	3	0.0329584	0.0
unsur=3/8	0.03	3	0.0329584	0.0
vurgulayarak=3/3	0.03	3	0.0329584	0.0
yapabil=3/3	0.03	3	0.0329584	0.0
çekil=3/5	0.03	3	0.0329584	0.0
öneri=3/3	0.03	3	0.0329584	0.0
öğreti=3/3	0.03	3	0.0329584	0.0
ürettik=3/4	0.03	3	0.0329584	0.0
ırak=3/23	0.03	3	0.0329584	0.0
abdullah=4/7	0.04	2	0.0277259	0.0
altyapı=4/4	0.04	2	0.0277259	0.0
alın=4/4	0.04	2	0.0277259	0.0
artan=4/6	0.04	2	0.0277259	0.0
atan=4/5	0.04	2	0.0277259	0.0
açılma=4/4	0.04	2	0.0277259	0.0
baktık=4/4	0.04	2	0.0277259	0.0
başkent=4/4	0.04	2	0.0277259	0.0
bildiren=4/4	0.04	2	0.0277259	0.0
edilme=4/4	0.04	2	0.0277259	0.0
eylem=4/7	0.04	2	0.0277259	0.0
giderek=4/4	0.04	2	0.0277259	0.0
imza=4/4	0.04	2	0.0277259	0.0
kasım=4/4	0.04	2	0.0277259	0.0
kongre=4/25	0.04	2	0.0277259	0.0
rakip=4/5	0.04	2	0.0277259	0.0
savun=4/4	0.04	2	0.0277259	0.0
sağlan=4/5	0.04	2	0.0277259	0.0
soğuk=4/5	0.04	2	0.0277259	0.0
ten=4/5	0.04	2	0.0277259	0.0
uç=4/6	0.04	2	0.0277259	0.0
york=4/6	0.04	2	0.0277259	0.0
zafer=4/4	0.04	2	0.0277259	0.0
çıkar=4/4	0.04	2	0.0277259	0.0
çıkarma=4/4	0.04	2	0.0277259	0.0
üs=4/6	0.04	2	0.0277259	0.0
açılış=3/3	0.03	2	0.0207944	0.0
aşk=3/3	0.03	2	0.0207944	0.0
bağlantı=3/4	0.03	2	0.0207944	0.0
buluş=3/3	0.03	2	0.0207944	0.0
bur=3/4	0.03	2	0.0207944	0.0
cihaz=3/3	0.03	2	0.0207944	0.0
com=3/3	0.03	2	0.0207944	0.0
daire=3/6	0.03	2	0.0207944	0.0
davet=3/3	0.03	2	0.0207944	0.0
değerli=3/3	0.03	2	0.0207944	0.0
doğrultu=3/3	0.03	2	0.0207944	0.0
dur=3/4	0.03	2	0.0207944	0.0
hakan=3/7	0.03	2	0.0207944	0.0
inceleme=3/4	0.03	2	0.0207944	0.0
kilo=3/3	0.03	2	0.0207944	0.0
kritik=3/4	0.03	2	0.0207944	0.0
modern=3/5	0.03	2	0.0207944	0.0
olmama=3/3	0.03	2	0.0207944	0.0
oluşturduk=3/3	0.03	2	0.0207944	0.0
paket=3/4	0.03	2	0.0207944	0.0
parti=3/5	0.03	2	0.0207944	0.0
personel=3/3	0.03	2	0.0207944	0.0
rahat=3/3	0.03	2	0.0207944	0.0
servis=3/4	0.03	2	0.0207944	0.0
tanıt=3/3	0.03	2	0.0207944	0.0
taşı=3/3	0.03	2	0.0207944	0.0
test=3/3	0.03	2	0.0207944	0.0
uy=3/3	0.03	2	0.0207944	0.0
verildik=3/4	0.03	2	0.0207944	0.0
yı=3/3	0.03	2	0.0207944	0.0
çağ=3/3	0.03	2	0.0207944	0.0
çekme=3/3	0.03	2	0.0207944	0.0
çelik=3/5	0.03	2	0.0207944	0.0
çoğunluk=3/4	0.03	2	0.0207944	0.0
aa=4/4	0.04	1	0	0.0
abd=19/70	0.19	1	0	0.0
ad=7/11	0.07	1	0	0.0
ada=4/4	0.04	1	0	0.0
adam=3/3	0.03	1	0	0.0
aday=4/8	0.04	1	0	0.0
ait=12/13	0.12	1	0	0.0
ak=5/5	0.05	1	0	0.0
aktar=3/3	0.03	1	0	0.0
al=36/58	0.36	1	0	0.0
alacak=3/3	0.03	1	0	0.0
alan=45/80	0.45	1	0	0.0
alarak=4/5	0.04	1	0	0.0
aldık=20/22	0.2	1	0	0.0
ali=9/9	0.09	1	0	0.0
alma=24/37	0.24	1	0	0.0
almak=8/13	0.08	1	0	0.0
alt=35/63	0.35	1	0	0.0
alınan=9/10	0.09	1	0	0.0
alındık=8/8	0.08	1	0	0.0
alınma=5/7	0.05	1	0	0.0
amacı=9/9	0.09	1	0	0.0
amerika=6/9	0.06	1	0	0.0
an=24/37	0.24	1	0	0.0
anadolu=5/7	0.05	1	0	0.0
ankara=13/24	0.13	1	0	0.0
anlam=10/14	0.1	1	0	0.0
anlat=6/8	0.06	1	0	0.0
anlatan=10/15	0.1	1	0	0.0
anlaşma=6/7	0.06	1	0	0.0
ar=3/4	0.03	1	0	0.0
ara=41/73	0.41	1	0	0.0
araç=13/45	0.13	1	0	0.0
araştırma=12/21	0.12	1	0	0.0
arka=3/3	0.03	1	0	0.0
art=26/45	0.26	1	0	0.0
asker=3/7	0.03	1	0	0.0
at=11/13	0.11	1	0	0.0
avrupa=22/38	0.22	1	0	0.0
ay=43/110	0.43	1	0	0.0
ayak=3/13	0.03	1	0	0.0
ayn=20/31	0.2	1	0	0.0
aç=5/11	0.05	1	0	0.0
açı=13/23	0.13	1	0	0.0
açık=14/28	0.14	1	0	0.0
açıkla=13/15	0.13	1	0	0.0
açıklama=31/44	0.31	1	0	0.0
ağustos=5/6	0.05	1	0	0.0
ağır=5/10	0.05	1	0	0.0
bak=3/3	0.03	1	0	0.0
bakan=20/51	0.2	1	0	0.0
bakanlık=14/28	0.14	1	0	0.0
bakanlığı=7/8	0.07	1	0	0.0
bas=7/12	0.07	1	0	0.0
bağlı=8/11	0.08	1	0	0.0
baş=21/28	0.21	1	0	0.0
başarı=10/13	0.1	1	0	0.0
başarılı=6/8	0.06	1	0	0.0
başka=37/100	0.37	1	0	0.0
başkanlık=10/16	0.1	1	0	0.0
başla=17/29	0.17	1	0	0.0
başladık=14/17	0.14	1	0	0.0
başlayan=10/10	0.1	1	0	0.0
bekle=13/21	0.13	1	0	0.0
bekledik=4/5	0.04	1	0	0.0
beklen=13/14	0.13	1	0	0.0
belirlen=7/7	0.07	1	0	0.0
belirt=24/30	0.24	1	0	0.0
belirten=21/26	0.21	1	0	0.0
belirterek=28/40	0.28	1	0	0.0
belirtil=8/9	0.08	1	0	0.0
belli=8/11	0.08	1	0	0.0
beraber=6/8	0.06	1	0	0.0
bil=5/9	0.05	1	0	0.0
bildir=17/21	0.17	1	0	0.0
bildiril=3/3	0.03	1	0	0.0
bilgi=22/36	0.22	1	0	0.0
bili=3/3	0.03	1	0	0.0
biraz=6/6	0.06	1	0	0.0
birinci=5/7	0.05	1	0	0.0
birlik=28/46	0.28	1	0	0.0
bit=5/5	0.05	1	0	0.0
bugün=20/26	0.2	1	0	0.0
bul=15/20	0.15	1	0	0.0
bulduk=3/3	0.03	1	0	0.0
bulun=16/21	0.16	1	0	0.0
bulunan=24/32	0.24	1	0	0.0
bulunduk=17/21	0.17	1	0	0.0
bulunma=4/4	0.04	1	0	0.0
bura=5/5	0.05	1	0	0.0
bölge=24/61	0.24	1	0	0.0
bölüm=9/9	0.09	1	0	0.0
bülent=3/5	0.03	1	0	0.0
büyük=35/78	0.35	1	0	0.0
ceza=8/30	0.08	1	0	0.0
ciddi=11/13	0.11	1	0	0.0
dahil=4/4	0.04	1	0	0.0
dan=14/20	0.14	1	0	0.0
dek=8/12	0.08	1	0	0.0
den=15/20	0.15	1	0	0.0
deniz=4/4	0.04	1	0	0.0
derece=4/6	0.04	1	0	0.0
dernek=8/12	0.08	1	0	0.0
destek=11/22	0.11	1	0	0.0
dev=5/7	0.05	1	0	0.0
deva=38/76	0.38	1	0	0.0
devir=6/6	0.06	1	0	0.0
devlet=13/15	0.13	1	0	0.0
değer=11/11	0.11	1	0	0.0
değerlendirme=13/17	0.13	1	0	0.0
değiş=15/30	0.15	1	0	0.0
değişiklik=8/9	0.08	1	0	0.0
dikkat=29/40	0.29	1	0	0.0
dil=20/29	0.2	1	0	0.0
diyen=5/5	0.05	1	0	0.0
diyerek=5/6	0.05	1	0	0.0
do=27/67	0.27	1	0	0.0
doktor=3/3	0.03	1	0	0.0
doğal=5/5	0.05	1	0	0.0
doğru=11/19	0.11	1	0	0.0
doğu=6/7	0.06	1	0	0.0
duru=18/27	0.18	1	0	0.0
durum=13/15	0.13	1	0	0.0
dönem=26/72	0.26	1	0	0.0
dönüş=7/11	0.07	1	0	0.0
dün=9/18	0.09	1	0	0.0
dünya=28/100	0.28	1	0	0.0
düzenlenen=14/19	0.14	1	0	0.0
düzey=11/14	0.11	1	0	0.0
düş=15/18	0.15	1	0	0.0
düşen=3/4	0.03	1	0	0.0
düştük=4/4	0.04	1	0	0.0
düşün=8/12	0.08	1	0	0.0
dış=27/57	0.27	1	0	0.0
edil=11/12	0.11	1	0	0.0
edildik=5/5	0.05	1	0	0.0
edilen=14/17	0.14	1	0	0.0
ek=16/50	0.16	1	0	0.0
ekle=6/7	0.06	1	0	0.0
ekonomi=24/88	0.24	1	0	0.0
el=20/28	0.2	1	0	0.0
eski=8/11	0.08	1	0	0.0
et=27/47	0.27	1	0	0.0
etki=14/21	0.14	1	0	0.0
etkili=3/9	0.03	1	0	0.0
etkinlik=6/7	0.06	1	0	0.0
etme=9/11	0.09	1	0	0.0
etmek=4/5	0.04	1	0	0.0
ettik=6/8	0.06	1	0	0.0
ev=10/16	0.1	1	0	0.0
eylül=11/22	0.11	1	0	0.0
eğitim=9/19	0.09	1	0	0.0
faaliyet=16/33	0.16	1	0	0.0
fark=10/12	0.1	1	0	0.0
farklı=13/17	0.13	1	0	0.0
fatih=3/3	0.03	1	0	0.0
faz=20/33	0.2	1	0	0.0
fikir=3/4	0.03	1	0	0.0
firma=9/15	0.09	1	0	0.0
fiyat=15/45	0.15	1	0	0.0
fotoğraf=3/3	0.03	1	0	0.0
gazete=11/14	0.11	1	0	0.0
gece=3/4	0.03	1	0	0.0
gel=34/58	0.34	1	0	0.0
geldik=13/18	0.13	1	0	0.0
gelecek=9/14	0.09	1	0	0.0
gelen=17/21	0.17	1	0	0.0
geliş=7/9	0.07	1	0	0.0
gelişme=11/14	0.11	1	0	0.0
gelme=5/7	0.05	1	0	0.0
genel=36/72	0.36	1	0	0.0
geniş=3/3	0.03	1	0	0.0
gerek=19/27	0.19	1	0	0.0
gereken=4/6	0.04	1	0	0.0
gerektik=11/14	0.11	1	0	0.0
gerekçe=4/4	0.04	1	0	0.0
geri=6/13	0.06	1	0	0.0
gerçek=4/11	0.04	1	0	0.0
getir=19/25	0.19	1	0	0.0
getiren=10/12	0.1	1	0	0.0
getirme=7/8	0.07	1	0	0.0
geç=8/10	0.08	1	0	0.0
geçen=26/42	0.26	1	0	0.0
geçme=4/4	0.04	1	0	0.0
geçtik=12/13	0.12	1	0	0.0
gir=9/9	0.09	1	0	0.0
giren=6/6	0.06	1	0	0.0
giriş=11/16	0.11	1	0	0.0
girme=6/7	0.06	1	0	0.0
git=10/14	0.1	1	0	0.0
gittik=3/4	0.03	1	0	0.0
grup=10/28	0.1	1	0	0.0
gör=12/15	0.12	1	0	0.0
gören=3/3	0.03	1	0	0.0
görev=13/28	0.13	1	0	0.0
görme=6/6	0.06	1	0	0.0
görül=4/5	0.04	1	0	0.0
görülen=5/5	0.05	1	0	0.0
görüntü=3/9	0.03	1	0	0.0
görüş=5/5	0.05	1	0	0.0
görüşme=3/8	0.03	1	0	0.0
göster=6/7	0.06	1	0	0.0
gösterdik=7/7	0.07	1	0	0.0
göz=9/19	0.09	1	0	0.0
gün=22/54	0.22	1	0	0.0
gündem=8/8	0.08	1	0	0.0
güney=8/10	0.08	1	0	0.0
güvenlik=10/12	0.1	1	0	0.0
güzel=4/4	0.04	1	0	0.0
güç=11/14	0.11	1	0	0.0
güçlü=13/28	0.13	1	0	0.0
haber=10/11	0.1	1	0	0.0
haf=11/19	0.11	1	0	0.0
hafta=6/6	0.06	1	0	0.0
hak=25/53	0.25	1	0	0.0
hal=30/52	0.3	1	0	0.0
halk=5/12	0.05	1	0	0.0
hareket=11/14	0.11	1	0	0.0
hastane=3/6	0.03	1	0	0.0
hav=13/15	0.13	1	0	0.0
hava=6/7	0.06	1	0	0.0
hayat=11/14	0.11	1	0	0.0
hazır=4/6	0.04	1	0	0.0
hazırladık=3/3	0.03	1	0	0.0
hazırlan=5/5	0.05	1	0	0.0
hedef=17/29	0.17	1	0	0.0
hemen=3/3	0.03	1	0	0.0
hizmet=19/40	0.19	1	0	0.0
hukuk=4/8	0.04	1	0	0.0
hız=11/15	0.11	1	0	0.0
ifade=39/56	0.39	1	0	0.0
ihtiyaç=15/22	0.15	1	0	0.0
ikinci=15/24	0.15	1	0	0.0
il=6/15	0.06	1	0	0.0
ileri=3/3	0.03	1	0	0.0
iletiş=4/6	0.04	1	0	0.0
ilgi=9/17	0.09	1	0	0.0
ilişki=25/77	0.25	1	0	0.0
ilk=30/56	0.3	1	0	0.0
imkan=5/6	0.05	1	0	0.0
in=29/70	0.29	1	0	0.0
inan=6/9	0.06	1	0	0.0
ingiltere=4/4	0.04	1	0	0.0
insan=4/5	0.04	1	0	0.0
internet=10/15	0.1	1	0	0.0
isim=3/3	0.03	1	0	0.0
istanbul=24/59	0.24	1	0	0.0
iste=8/9	0.08	1	0	0.0
iy=3/3	0.03	1	0	0.0
iyi=17/30	0.17	1	0	0.0
iz=4/5	0.04	1	0	0.0
izmir=3/9	0.03	1	0	0.0
iç=17/29	0.17	1	0	0.0
içeri=13/19	0.13	1	0	0.0
iş=33/67	0.33	1	0	0.0
işaret=13/16	0.13	1	0	0.0
işbirlik=7/12	0.07	1	0	0.0
işlem=6/9	0.06	1	0	0.0
kabul=5/5	0.05	1	0	0.0
kadı=5/10	0.05	1	0	0.0
kal=11/15	0.11	1	0	0.0
kalan=4/4	0.04	1	0	0.0
kaldık=4/5	0.04	1	0	0.0
kalma=3/3	0.03	1	0	0.0
kampanya=5/7	0.05	1	0	0.0
kamuoy=4/7	0.04	1	0	0.0
kapalı=6/8	0.06	1	0	0.0
kapsam=14/21	0.14	1	0	0.0
kar=14/29	0.14	1	0	0.0
karar=19/68	0.19	1	0	0.0
karşı=11/23	0.11	1	0	0.0
karşılık=6/7	0.06	1	0	0.0
kas=17/38	0.17	1	0	0.0
kat=9/10	0.09	1	0	0.0
katkı=12/17	0.12	1	0	0.0
katıl=7/7	0.07	1	0	0.0
katılan=3/3	0.03	1	0	0.0
katıldık=7/8	0.07	1	0	0.0
kaydeden=9/9	0.09	1	0	0.0
kaydedil=4/4	0.04	1	0	0.0
kaydet=25/34	0.25	1	0	0.0
kaynak=10/15	0.1	1	0	0.0
kayıt=4/20	0.04	1	0	0.0
kazan=10/13	0.1	1	0	0.0
kazanan=3/4	0.03	1	0	0.0
kent=11/29	0.11	1	0	0.0
kes=8/9	0.08	1	0	0.0
kişi=23/39	0.23	1	0	0.0
kolay=3/5	0.03	1	0	0.0
kontrol=8/12	0.08	1	0	0.0
konu=44/94	0.44	1	0	0.0
konuş=34/53	0.34	1	0	0.0
konuşan=6/6	0.06	1	0	0.0
konuşma=6/9	0.06	1	0	0.0
koy=7/7	0.07	1	0	0.0
kullan=10/12	0.1	1	0	0.0
kullanan=4/5	0.04	1	0	0.0
kur=24/54	0.24	1	0	0.0
kurulu=23/43	0.23	1	0	0.0
kuruluş=22/56	0.22	1	0	0.0
kuzey=6/10	0.06	1	0	0.0
kültür=6/8	0.06	1	0	0.0
küçük=5/7	0.05	1	0	0.0
kıs=10/11	0.1	1	0	0.0
kısım=9/14	0.09	1	0	0.0
la=3/3	0.03	1	0	0.0
lazım=4/8	0.04	1	0	0.0
lira=18/49	0.18	1	0	0.0
masa=5/9	0.05	1	0	0.0
mayıs=7/9	0.07	1	0	0.0
mehmet=8/10	0.08	1	0	0.0
merkez=33/67	0.33	1	0	0.0
meydan=5/5	0.05	1	0	0.0
milyon=33/102	0.33	1	0	0.0
model=11/34	0.11	1	0	0.0
muhabir=3/3	0.03	1	0	0.0
mutlu=3/3	0.03	1	0	0.0
mücadele=6/10	0.06	1	0	0.0
müdür=20/32	0.2	1	0	0.0
müdürlük=10/13	0.1	1	0	0.0
nda=8/9	0.08	1	0	0.0
nde=6/8	0.06	1	0	0.0
nere=3/3	0.03	1	0	0.0
new=5/7	0.05	1	0	0.0
nin=35/137	0.35	1	0	0.0
nokta=14/17	0.14	1	0	0.0
nun=14/29	0.14	1	0	0.0
nın=23/63	0.23	1	0	0.0
ocak=4/6	0.04	1	0	0.0
oda=7/12	0.07	1	0	0.0
okul=4/13	0.04	1	0	0.0
ol=36/76	0.36	1	0	0.0
olabil=7/13	0.07	1	0	0.0
olacak=15/19	0.15	1	0	0.0
olay=3/3	0.03	1	0	0.0
olduk=17/24	0.17	1	0	0.0
oldukça=6/8	0.06	1	0	0.0
olma=17/27	0.17	1	0	0.0
olmadık=12/14	0.12	1	0	0.0
oluş=3/3	0.03	1	0	0.0
oluşan=6/7	0.06	1	0	0.0
oluştur=6/7	0.06	1	0	0.0
ora=15/31	0.15	1	0	0.0
oran=15/26	0.15	1	0	0.0
orta=26/39	0.26	1	0	0.0
ortak=8/12	0.08	1	0	0.0
oy=4/10	0.04	1	0	0.0
para=15/24	0.15	1	0	0.0
pazar=11/42	0.11	1	0	0.0
performans=9/13	0.09	1	0	0.0
plan=11/14	0.11	1	0	0.0
program=6/9	0.06	1	0	0.0
proje=18/60	0.18	1	0	0.0
rakam=18/25	0.18	1	0	0.0
rapor=9/14	0.09	1	0	0.0
rekor=4/4	0.04	1	0	0.0
resim=10/11	0.1	1	0	0.0
rol=7/9	0.07	1	0	0.0
saat=4/10	0.04	1	0	0.0
sahip=32/49	0.32	1	0	0.0
sahne=3/3	0.03	1	0	0.0
satış=21/55	0.21	1	0	0.0
savunma=5/13	0.05	1	0	0.0
say=8/10	0.08	1	0	0.0
saye=8/13	0.08	1	0	0.0
sayı=19/34	0.19	1	0	0.0
sağla=14/16	0.14	1	0	0.0
sağlayan=3/3	0.03	1	0	0.0
sağlık=11/14	0.11	1	0	0.0
sebep=5/5	0.05	1	0	0.0
sektör=30/110	0.3	1	0	0.0
ses=3/3	0.03	1	0	0.0
seviye=21/68	0.21	1	0	0.0
sistem=13/45	0.13	1	0	0.0
site=8/11	0.08	1	0	0.0
sonuç=21/34	0.21	1	0	0.0
sor=5/6	0.05	1	0	0.0
soru=6/11	0.06	1	0	0.0
sorumluluk=6/9	0.06	1	0	0.0
sorun=8/18	0.08	1	0	0.0
sosyal=15/20	0.15	1	0	0.0
spor=5/9	0.05	1	0	0.0
su=12/26	0.12	1	0	0.0
söyle=36/56	0.36	1	0	0.0
söyleyen=7/7	0.07	1	0	0.0
söz=24/35	0.24	1	0	0.0
sözcü=3/5	0.03	1	0	0.0
sür=16/21	0.16	1	0	0.0
sürdür=6/6	0.06	1	0	0.0
süre=8/10	0.08	1	0	0.0
süreci=11/16	0.11	1	0	0.0
sürekli=5/5	0.05	1	0	0.0
süreç=5/11	0.05	1	0	0.0
sürpriz=4/9	0.04	1	0	0.0
sıcak=4/16	0.04	1	0	0.0
sıkıntı=4/5	0.04	1	0	0.0
sınır=7/8	0.07	1	0	0.0
sır=16/18	0.16	1	0	0.0
sıra=9/12	0.09	1	0	0.0
tabii=5/6	0.05	1	0	0.0
tahmin=8/12	0.08	1	0	0.0
tak=3/6	0.03	1	0	0.0
takip=12/15	0.12	1	0	0.0
talep=12/23	0.12	1	0	0.0
tam=4/4	0.04	1	0	0.0
tan=8/9	0.08	1	0	0.0
taraf=6/10	0.06	1	0	0.0
tarih=19/34	0.19	1	0	0.0
tartışma=3/3	0.03	1	0	0.0
taş=4/4	0.04	1	0	0.0
te=9/20	0.09	1	0	0.0
tehdit=3/9	0.03	1	0	0.0
tek=13/21	0.13	1	0	0.0
tekrar=5/5	0.05	1	0	0.0
telefon=3/4	0.03	1	0	0.0
temsilci=5/7	0.05	1	0	0.0
tepki=5/6	0.05	1	0	0.0
tercih=5/9	0.05	1	0	0.0
tespit=6/8	0.06	1	0	0.0
teşekkür=3/3	0.03	1	0	0.0
tl=8/18	0.08	1	0	0.0
top=3/3	0.03	1	0	0.0
topla=17/28	0.17	1	0	0.0
toplantı=12/27	0.12	1	0	0.0
toplu=3/3	0.03	1	0	0.0
trafik=4/4	0.04	1	0	0.0
tür=3/3	0.03	1	0	0.0
türk=19/47	0.19	1	0	0.0
türkiye=53/366	0.53	1	0	0.0
ulaş=6/9	0.06	1	0	0.0
ulaşma=6/7	0.06	1	0	0.0
ulusal=4/5	0.04	1	0	0.0
uluslararası=18/42	0.18	1	0	0.0
uyarı=8/12	0.08	1	0	0.0
uygulama=11/22	0.11	1	0	0.0
uygun=10/14	0.1	1	0	0.0
uz=15/24	0.15	1	0	0.0
uzman=5/10	0.05	1	0	0.0
vatandaş=7/13	0.07	1	0	0.0
ver=17/23	0.17	1	0	0.0
verdik=12/17	0.12	1	0	0.0
veren=17/21	0.17	1	0	0.0
veril=6/9	0.06	1	0	0.0
verilen=9/9	0.09	1	0	0.0
verilme=5/7	0.05	1	0	0.0
verme=14/21	0.14	1	0	0.0
vermek=3/3	0.03	1	0	0.0
vurgulayan=12/12	0.12	1	0	0.0
yak=14/21	0.14	1	0	0.0
yakala=3/3	0.03	1	0	0.0
yaklaşık=21/28	0.21	1	0	0.0
yan=8/8	0.08	1	0	0.0
yap=16/24	0.16	1	0	0.0
yapan=17/20	0.17	1	0	0.0
yaparak=3/3	0.03	1	0	0.0
yapma=12/19	0.12	1	0	0.0
yaptık=9/11	0.09	1	0	0.0
yapı=18/23	0.18	1	0	0.0
yapıl=26/46	0.26	1	0	0.0
yapıldık=10/11	0.1	1	0	0.0
yapılma=4/4	0.04	1	0	0.0
yardımcı=15/22	0.15	1	0	0.0
yarı=3/3	0.03	1	0	0.0
yaz=4/9	0.04	1	0	0.0
yazılı=4/5	0.04	1	0	0.0
yaş=5/5	0.05	1	0	0.0
yaşa=10/20	0.1	1	0	0.0
yaşadık=3/5	0.03	1	0	0.0
yaşan=7/7	0.07	1	0	0.0
yaşanan=3/3	0.03	1	0	0.0
yaşayan=4/8	0.04	1	0	0.0
ye=42/88	0.42	1	0	0.0
yen=47/119	0.47	1	0	0.0
yeni=14/19	0.14	1	0	0.0
yer=16/22	0.16	1	0	0.0
yeterli=5/5	0.05	1	0	0.0
yetkili=11/18	0.11	1	0	0.0
yi=11/12	0.11	1	0	0.0
yok=12/20	0.12	1	0	0.0
yol=16/25	0.16	1	0	0.0
yoğ=6/9	0.06	1	0	0.0
yurt=9/15	0.09	1	0	0.0
yön=15/22	0.15	1	0	0.0
yönelik=17/25	0.17	1	0	0.0
yönetici=9/12	0.09	1	0	0.0
yönetim=26/74	0.26	1	0	0.0
yük=21/42	0.21	1	0	0.0
yıl=72/250	0.72	1	0	0.0
yıllık=22/35	0.22	1	0	0.0
zaman=21/40	0.21	1	0	0.0
zarar=9/13	0.09	1	0	0.0
ziyaret=6/13	0.06	1	0	0.0
zor=10/13	0.1	1	0	0.0
çaba=3/3	0.03	1	0	0.0
çalış=10/10	0.1	1	0	0.0
çalışan=13/30	0.13	1	0	0.0
çalışma=28/53	0.28	1	0	0.0
çalıştık=4/5	0.04	1	0	0.0
çek=14/17	0.14	1	0	0.0
çeken=12/15	0.12	1	0	0.0
çevre=7/12	0.07	1	0	0.0
çeşitli=6/7	0.06	1	0	0.0
çocuk=5/14	0.05	1	0	0.0
çöz=3/5	0.03	1	0	0.0
çık=20/25	0.2	1	0	0.0
çıkan=10/10	0.1	1	0	0.0
çıkma=3/4	0.03	1	0	0.0
çıktık=3/3	0.03	1	0	0.0
çıkış=3/3	0.03	1	0	0.0
ödül=5/18	0.05	1	0	0.0
önem=7/9	0.07	1	0	0.0
önemli=35/69	0.35	1	0	0.0
örgüt=3/5	0.03	1	0	0.0
örnek=10/16	0.1	1	0	0.0
özel=17/28	0.17	1	0	0.0
özellik=19/25	0.19	1	0	0.0
öğrenci=4/4	0.04	1	0	0.0
ülke=40/117	0.4	1	0	0.0
ün=11/16	0.11	1	0	0.0
üniversite=7/12	0.07	1	0	0.0
ünlü=3/5	0.03	1	0	0.0
üst=11/13	0.11	1	0	0.0
üye=10/15	0.1	1	0	0.0
üzeri=33/56	0.33	1	0	0.0
ın=16/24	0.16	1	0	0.0
şart=7/8	0.07	1	0	0.0
şehir=7/11	0.07	1	0	0.0
şekil=21/31	0.21	1	0	0.0
şekli=10/13	0.1	1	0	0.0
şirket=28/70	0.28	1	0	0.0
