eser=34/105	0.34	4	0.4713401	0.0
sanatçı=35/75	0.35	3	0.3845143	0.0
festival=16/67	0.16	9	0.3515559	0.0
sanat=24/73	0.24	4	0.3327106	0.0
albüm=19/68	0.19	4	0.2633959	0.0
müzik=37/129	0.37	2	0.2564645	0.0
cem=10/16	0.1	9	0.2197225	0.0
gösteril=10/10	0.1	9	0.2197225	0.0
rock=10/24	0.1	9	0.2197225	0.0
hikaye=15/20	0.15	4	0.2079442	0.0
kitap=15/78	0.15	4	0.2079442	0.0
yazar=15/32	0.15	4	0.2079442	0.0
klip=9/13	0.09	9	0.1977502	0.0
layık=9/14	0.09	9	0.1977502	0.0
tarz=9/10	0.09	9	0.1977502	0.0
çal=9/10	0.09	9	0.1977502	0.0
doğ=14/14	0.14	4	0.1940812	0.0
şarkı=14/19	0.14	4	0.1940812	0.0
es=13/24	0.13	4	0.1802183	0.0
besteci=8/11	0.08	9	0.175778	0.0
değişik=8/12	0.08	9	0.175778	0.0
heykel=8/28	0.08	9	0.175778	0.0
müze=8/51	0.08	9	0.175778	0.0
yolculuk=8/12	0.08	9	0.175778	0.0
sinema=12/155	0.12	4	0.1663553	0.0
eğlenceli=7/11	0.07	9	0.1538057	0.0
festivali=7/9	0.07	9	0.1538057	0.0
gitar=7/15	0.07	9	0.1538057	0.0
günay=7/39	0.07	9	0.1538057	0.0
misafir=7/7	0.07	9	0.1538057	0.0
okur=7/8	0.07	9	0.1538057	0.0
sergi=7/40	0.07	9	0.1538057	0.0
seven=7/7	0.07	9	0.1538057	0.0
turizm=14/16	0.14	3	0.1538057	0.0
yazı=7/9	0.07	9	0.1538057	0.0
yazıl=7/7	0.07	9	0.1538057	0.0
yönetmenlik=7/10	0.07	9	0.1538057	0.0
şiir=7/12	0.07	9	0.1538057	0.0
yönetme=11/28	0.11	4	0.1524924	0.0
yüzyıl=11/12	0.11	4	0.1524924	0.0
parça=13/21	0.13	3	0.1428196	0.0
hayran=10/16	0.1	4	0.1386294	0.0
roman=10/16	0.1	4	0.1386294	0.0
yarışma=10/24	0.1	4	0.1386294	0.0
belgesel=6/8	0.06	9	0.1318335	0.0
besteledik=6/8	0.06	9	0.1318335	0.0
cenk=6/16	0.06	9	0.1318335	0.0
dinleyici=6/6	0.06	9	0.1318335	0.0
ece=6/19	0.06	9	0.1318335	0.0
edebiyat=6/24	0.06	9	0.1318335	0.0
koruyan=6/6	0.06	9	0.1318335	0.0
metal=6/9	0.06	9	0.1318335	0.0
muhteşem=6/9	0.06	9	0.1318335	0.0
yapıt=6/6	0.06	9	0.1318335	0.0
ödüllü=6/8	0.06	9	0.1318335	0.0
şair=6/6	0.06	9	0.1318335	0.0
ertuğrul=9/13	0.09	4	0.1247665	0.0
tiyatro=9/40	0.09	4	0.1247665	0.0
konser=11/47	0.11	3	0.1208474	0.0
dans=8/13	0.08	4	0.1109035	0.0
edip=8/8	0.08	4	0.1109035	0.0
gerçekleştiril=8/11	0.08	4	0.1109035	0.0
izleyici=8/10	0.08	4	0.1109035	0.0
taşıyan=8/12	0.08	4	0.1109035	0.0
anlattık=5/5	0.05	9	0.1098612	0.0
anı=5/8	0.05	9	0.1098612	0.0
ayşe=5/5	0.05	9	0.1098612	0.0
beste=5/9	0.05	9	0.1098612	0.0
bilge=5/8	0.05	9	0.1098612	0.0
demirkubuz=5/15	0.05	9	0.1098612	0.0
dinleyen=5/7	0.05	9	0.1098612	0.0
dorsay=5/25	0.05	9	0.1098612	0.0
efes=5/17	0.05	9	0.1098612	0.0
engin=5/7	0.05	9	0.1098612	0.0
gezdik=5/5	0.05	9	0.1098612	0.0
gösterim=5/5	0.05	9	0.1098612	0.0
ilham=5/6	0.05	9	0.1098612	0.0
isveç=5/6	0.05	9	0.1098612	0.0
izlenen=5/15	0.05	9	0.1098612	0.0
joker=5/26	0.05	9	0.1098612	0.0
jolly=5/26	0.05	9	0.1098612	0.0
kare=5/7	0.05	9	0.1098612	0.0
koleksiyon=5/5	0.05	9	0.1098612	0.0
konuk=10/10	0.1	3	0.1098612	0.0
lobi=5/9	0.05	9	0.1098612	0.0
marş=5/33	0.05	9	0.1098612	0.0
metin=5/5	0.05	9	0.1098612	0.0
müziksever=5/13	0.05	9	0.1098612	0.0
mısınız=5/7	0.05	9	0.1098612	0.0
nefret=5/5	0.05	9	0.1098612	0.0
okuma=5/6	0.05	9	0.1098612	0.0
oscar=5/29	0.05	9	0.1098612	0.0
piyano=5/6	0.05	9	0.1098612	0.0
pınar=5/7	0.05	9	0.1098612	0.0
radyo=5/5	0.05	9	0.1098612	0.0
rom=5/7	0.05	9	0.1098612	0.0
sanatsever=5/10	0.05	9	0.1098612	0.0
sel=5/13	0.05	9	0.1098612	0.0
seslendir=5/6	0.05	9	0.1098612	0.0
seçki=5/9	0.05	9	0.1098612	0.0
sinan=5/5	0.05	9	0.1098612	0.0
söyleşi=5/7	0.05	9	0.1098612	0.0
tanın=5/5	0.05	9	0.1098612	0.0
tanınan=5/5	0.05	9	0.1098612	0.0
tuval=5/7	0.05	9	0.1098612	0.0
tör=5/6	0.05	9	0.1098612	0.0
us=5/6	0.05	9	0.1098612	0.0
yazdık=10/14	0.1	3	0.1098612	0.0
yeraltı=5/10	0.05	9	0.1098612	0.0
yitik=5/5	0.05	9	0.1098612	0.0
çekici=5/5	0.05	9	0.1098612	0.0
üstat=5/5	0.05	9	0.1098612	0.0
buluş=15/19	0.15	2	0.1039721	0.0
oyuncu=15/34	0.15	2	0.1039721	0.0
boyut=9/14	0.09	3	0.0988751	0.0
duyduk=9/13	0.09	3	0.0988751	0.0
gerçekleştirilen=9/15	0.09	3	0.0988751	0.0
klasik=9/23	0.09	3	0.0988751	0.0
the=9/20	0.09	3	0.0988751	0.0
kültürel=7/7	0.07	4	0.0970406	0.0
le=7/8	0.07	4	0.0970406	0.0
müzisyen=7/8	0.07	4	0.0970406	0.0
ndan=7/7	0.07	4	0.0970406	0.0
onur=7/11	0.07	4	0.0970406	0.0
şarkıcı=7/15	0.07	4	0.0970406	0.0
imza=13/17	0.13	2	0.0901091	0.0
akbar=4/6	0.04	9	0.087889	0.0
anjelıka=4/4	0.04	9	0.087889	0.0
anlatarak=4/4	0.04	9	0.087889	0.0
anlatıldık=4/4	0.04	9	0.087889	0.0
artışına=4/4	0.04	9	0.087889	0.0
aslı=4/5	0.04	9	0.087889	0.0
attila=4/4	0.04	9	0.087889	0.0
babylon=4/12	0.04	9	0.087889	0.0
bale=4/11	0.04	9	0.087889	0.0
benzetme=4/4	0.04	9	0.087889	0.0
beyoğlu=4/22	0.04	9	0.087889	0.0
bilinme=4/4	0.04	9	0.087889	0.0
birbirleri=4/4	0.04	9	0.087889	0.0
buluşma=4/8	0.04	9	0.087889	0.0
buluştur=4/6	0.04	9	0.087889	0.0
cadde=4/5	0.04	9	0.087889	0.0
caz=4/11	0.04	9	0.087889	0.0
cemal=4/9	0.04	9	0.087889	0.0
center=4/4	0.04	9	0.087889	0.0
chris=4/10	0.04	9	0.087889	0.0
cuma=8/23	0.08	3	0.087889	0.0
davul=4/8	0.04	9	0.087889	0.0
diyalog=4/4	0.04	9	0.087889	0.0
elif=4/8	0.04	9	0.087889	0.0
em=8/10	0.08	3	0.087889	0.0
ep=4/6	0.04	9	0.087889	0.0
esinlenerek=4/4	0.04	9	0.087889	0.0
ezgi=4/12	0.04	9	0.087889	0.0
fil=4/4	0.04	9	0.087889	0.0
fransa=8/12	0.08	3	0.087889	0.0
gitarist=4/13	0.04	9	0.087889	0.0
gösteri=8/12	0.08	3	0.087889	0.0
haksız=4/4	0.04	9	0.087889	0.0
ilahi=4/4	0.04	9	0.087889	0.0
ilki=4/4	0.04	9	0.087889	0.0
intikam=4/6	0.04	9	0.087889	0.0
istemeyen=4/4	0.04	9	0.087889	0.0
istiklal=4/4	0.04	9	0.087889	0.0
ivme=4/4	0.04	9	0.087889	0.0
kapadokya=4/10	0.04	9	0.087889	0.0
kaydederek=4/6	0.04	9	0.087889	0.0
konuşulan=4/5	0.04	9	0.087889	0.0
meltem=4/4	0.04	9	0.087889	0.0
mesleki=4/4	0.04	9	0.087889	0.0
mozart=4/12	0.04	9	0.087889	0.0
müzayede=4/23	0.04	9	0.087889	0.0
müzesi=4/6	0.04	9	0.087889	0.0
müzikal=4/6	0.04	9	0.087889	0.0
nitelik=8/8	0.08	3	0.087889	0.0
order=4/4	0.04	9	0.087889	0.0
orijinal=4/4	0.04	9	0.087889	0.0
osmanlı=4/10	0.04	9	0.087889	0.0
park=4/5	0.04	9	0.087889	0.0
perde=4/8	0.04	9	0.087889	0.0
pir=4/20	0.04	9	0.087889	0.0
prömiyer=4/4	0.04	9	0.087889	0.0
restorasyon=4/4	0.04	9	0.087889	0.0
rutkay=4/8	0.04	9	0.087889	0.0
rüya=4/4	0.04	9	0.087889	0.0
sara=4/9	0.04	9	0.087889	0.0
sezen=4/4	0.04	9	0.087889	0.0
solo=4/10	0.04	9	0.087889	0.0
style=4/17	0.04	9	0.087889	0.0
tango=4/5	0.04	9	0.087889	0.0
taşımak=4/4	0.04	9	0.087889	0.0
tema=4/7	0.04	9	0.087889	0.0
turne=4/5	0.04	9	0.087889	0.0
unutma=4/4	0.04	9	0.087889	0.0
usta=4/6	0.04	9	0.087889	0.0
uyarlama=4/4	0.04	9	0.087889	0.0
video=8/22	0.08	3	0.087889	0.0
yakalama=4/4	0.04	9	0.087889	0.0
yalnızca=4/4	0.04	9	0.087889	0.0
yansıtan=4/4	0.04	9	0.087889	0.0
yayınlayan=4/7	0.04	9	0.087889	0.0
yeşim=4/8	0.04	9	0.087889	0.0
çeviri=4/6	0.04	9	0.087889	0.0
övgü=4/4	0.04	9	0.087889	0.0
ümit=4/6	0.04	9	0.087889	0.0
aralık=12/19	0.12	2	0.0831777	0.0
beğeni=6/7	0.06	4	0.0831777	0.0
gösterilen=6/7	0.06	4	0.0831777	0.0
italyan=6/6	0.06	4	0.0831777	0.0
mekan=6/9	0.06	4	0.0831777	0.0
oku=6/12	0.06	4	0.0831777	0.0
sulta=6/8	0.06	4	0.0831777	0.0
zeki=6/13	0.06	4	0.0831777	0.0
ziyaretçi=6/25	0.06	4	0.0831777	0.0
şark=6/18	0.06	4	0.0831777	0.0
açıl=7/7	0.07	3	0.0769029	0.0
ismail=7/12	0.07	3	0.0769029	0.0
kalp=7/8	0.07	3	0.0769029	0.0
kurucu=7/7	0.07	3	0.0769029	0.0
londra=7/15	0.07	3	0.0769029	0.0
perşembe=7/19	0.07	3	0.0769029	0.0
sun=7/8	0.07	3	0.0769029	0.0
yerli=7/22	0.07	3	0.0769029	0.0
kadro=11/14	0.11	2	0.0762462	0.0
kasım=11/81	0.11	2	0.0762462	0.0
kişilik=11/19	0.11	2	0.0762462	0.0
altan=5/5	0.05	4	0.0693147	0.0
bilet=5/6	0.05	4	0.0693147	0.0
dünyaca=5/5	0.05	4	0.0693147	0.0
efsane=5/9	0.05	4	0.0693147	0.0
erkan=5/6	0.05	4	0.0693147	0.0
fabrika=5/7	0.05	4	0.0693147	0.0
fransız=5/6	0.05	4	0.0693147	0.0
gerçekleştir=5/7	0.05	4	0.0693147	0.0
geçerek=5/5	0.05	4	0.0693147	0.0
gökhan=5/10	0.05	4	0.0693147	0.0
kemal=5/27	0.05	4	0.0693147	0.0
koruma=5/6	0.05	4	0.0693147	0.0
lise=5/7	0.05	4	0.0693147	0.0
olimpiyat=5/6	0.05	4	0.0693147	0.0
rus=5/6	0.05	4	0.0693147	0.0
sahiplik=5/7	0.05	4	0.0693147	0.0
satıl=5/11	0.05	4	0.0693147	0.0
seri=5/6	0.05	4	0.0693147	0.0
sevgi=5/5	0.05	4	0.0693147	0.0
tolga=5/7	0.05	4	0.0693147	0.0
türkçe=5/10	0.05	4	0.0693147	0.0
um=5/7	0.05	4	0.0693147	0.0
üstlendik=5/5	0.05	4	0.0693147	0.0
şubat=5/5	0.05	4	0.0693147	0.0
adası=3/3	0.03	9	0.0659167	0.0
adnan=6/6	0.06	3	0.0659167	0.0
ah=3/3	0.03	9	0.0659167	0.0
aksu=3/4	0.03	9	0.0659167	0.0
aktör=3/3	0.03	9	0.0659167	0.0
alper=3/6	0.03	9	0.0659167	0.0
alıcı=3/5	0.03	9	0.0659167	0.0
anlatılan=3/5	0.03	9	0.0659167	0.0
aramak=3/3	0.03	9	0.0659167	0.0
asıllı=3/3	0.03	9	0.0659167	0.0
atilla=3/5	0.03	9	0.0659167	0.0
atıl=3/3	0.03	9	0.0659167	0.0
ayasofya=3/3	0.03	9	0.0659167	0.0
açıklanma=3/3	0.03	9	0.0659167	0.0
ağaoğlu=3/3	0.03	9	0.0659167	0.0
ağırlama=3/3	0.03	9	0.0659167	0.0
ağırlıklı=3/3	0.03	9	0.0659167	0.0
aşan=3/3	0.03	9	0.0659167	0.0
bad=3/3	0.03	9	0.0659167	0.0
balo=3/3	0.03	9	0.0659167	0.0
bara=3/6	0.03	9	0.0659167	0.0
basit=3/3	0.03	9	0.0659167	0.0
başlayarak=3/3	0.03	9	0.0659167	0.0
bedir=3/3	0.03	9	0.0659167	0.0
betül=3/6	0.03	9	0.0659167	0.0
bilinen=6/7	0.06	3	0.0659167	0.0
bitmek=3/3	0.03	9	0.0659167	0.0
büyüleyici=3/3	0.03	9	0.0659167	0.0
bırakan=3/3	0.03	9	0.0659167	0.0
bırakıp=3/3	0.03	9	0.0659167	0.0
ceren=3/5	0.03	9	0.0659167	0.0
cümle=3/3	0.03	9	0.0659167	0.0
dal=6/14	0.06	3	0.0659167	0.0
dayan=3/4	0.03	9	0.0659167	0.0
dinleti=3/3	0.03	9	0.0659167	0.0
diyarbakırlı=3/4	0.03	9	0.0659167	0.0
duran=3/3	0.03	9	0.0659167	0.0
duygu=6/8	0.06	3	0.0659167	0.0
easternbull=3/3	0.03	9	0.0659167	0.0
ebru=3/5	0.03	9	0.0659167	0.0
edilemeyen=3/3	0.03	9	0.0659167	0.0
emperor=3/3	0.03	9	0.0659167	0.0
enerjik=3/4	0.03	9	0.0659167	0.0
entertainment=3/3	0.03	9	0.0659167	0.0
eren=3/3	0.03	9	0.0659167	0.0
etkilen=3/3	0.03	9	0.0659167	0.0
ex=3/9	0.03	9	0.0659167	0.0
friedman=3/3	0.03	9	0.0659167	0.0
gangnam=3/14	0.03	9	0.0659167	0.0
gelişen=3/3	0.03	9	0.0659167	0.0
gerçeklik=3/3	0.03	9	0.0659167	0.0
gez=6/8	0.06	3	0.0659167	0.0
gidecek=3/3	0.03	9	0.0659167	0.0
gidip=3/3	0.03	9	0.0659167	0.0
gizemli=3/4	0.03	9	0.0659167	0.0
görüşmek=3/3	0.03	9	0.0659167	0.0
gösterilme=3/3	0.03	9	0.0659167	0.0
hediye=3/3	0.03	9	0.0659167	0.0
heep=3/15	0.03	9	0.0659167	0.0
hit=3/4	0.03	9	0.0659167	0.0
hırsız=3/6	0.03	9	0.0659167	0.0
ideal=3/3	0.03	9	0.0659167	0.0
imge=3/3	0.03	9	0.0659167	0.0
iplik=3/3	0.03	9	0.0659167	0.0
isviçre=3/3	0.03	9	0.0659167	0.0
jackson=3/3	0.03	9	0.0659167	0.0
jay=3/30	0.03	9	0.0659167	0.0
jazz=3/5	0.03	9	0.0659167	0.0
johanson=3/18	0.03	9	0.0659167	0.0
jüri=3/4	0.03	9	0.0659167	0.0
kapanma=3/5	0.03	9	0.0659167	0.0
kapsayan=3/3	0.03	9	0.0659167	0.0
kapı=6/10	0.06	3	0.0659167	0.0
kariyer=6/9	0.06	3	0.0659167	0.0
katmak=3/3	0.03	9	0.0659167	0.0
kaydettik=3/5	0.03	9	0.0659167	0.0
ker=6/6	0.06	3	0.0659167	0.0
keçi=3/3	0.03	9	0.0659167	0.0
kktc=3/4	0.03	9	0.0659167	0.0
koleksiyoncu=3/5	0.03	9	0.0659167	0.0
konsept=3/3	0.03	9	0.0659167	0.0
konçerto=3/3	0.03	9	0.0659167	0.0
koreli=3/3	0.03	9	0.0659167	0.0
korkma=3/3	0.03	9	0.0659167	0.0
loomis=3/15	0.03	9	0.0659167	0.0
loomıs=3/3	0.03	9	0.0659167	0.0
macalpine=3/3	0.03	9	0.0659167	0.0
mahkûm=3/7	0.03	9	0.0659167	0.0
market=3/3	0.03	9	0.0659167	0.0
marty=3/3	0.03	9	0.0659167	0.0
masal=3/3	0.03	9	0.0659167	0.0
megadeth=3/9	0.03	9	0.0659167	0.0
merve=3/3	0.03	9	0.0659167	0.0
mesel=3/4	0.03	9	0.0659167	0.0
mezar=3/5	0.03	9	0.0659167	0.0
montreal=3/4	0.03	9	0.0659167	0.0
muş=3/3	0.03	9	0.0659167	0.0
mühim=3/4	0.03	9	0.0659167	0.0
nevermore=3/6	0.03	9	0.0659167	0.0
neşeli=3/3	0.03	9	0.0659167	0.0
nilüfer=3/4	0.03	9	0.0659167	0.0
normal=6/8	0.06	3	0.0659167	0.0
oblivion=3/3	0.03	9	0.0659167	0.0
omurga=3/3	0.03	9	0.0659167	0.0
opera=3/6	0.03	9	0.0659167	0.0
orkestra=3/6	0.03	9	0.0659167	0.0
pasaj=3/5	0.03	9	0.0659167	0.0
paylaş=6/8	0.06	3	0.0659167	0.0
paylaşan=3/3	0.03	9	0.0659167	0.0
perdelik=3/3	0.03	9	0.0659167	0.0
perküsyon=3/7	0.03	9	0.0659167	0.0
phase=3/3	0.03	9	0.0659167	0.0
piyanist=3/4	0.03	9	0.0659167	0.0
plains=3/3	0.03	9	0.0659167	0.0
poland=3/3	0.03	9	0.0659167	0.0
portakal=3/3	0.03	9	0.0659167	0.0
prodüksiyon=3/5	0.03	9	0.0659167	0.0
prodüktör=3/5	0.03	9	0.0659167	0.0
progressive=3/3	0.03	9	0.0659167	0.0
psy=3/5	0.03	9	0.0659167	0.0
raf=3/3	0.03	9	0.0659167	0.0
ray=3/3	0.03	9	0.0659167	0.0
ressam=3/5	0.03	9	0.0659167	0.0
ritim=3/3	0.03	9	0.0659167	0.0
safi=3/8	0.03	9	0.0659167	0.0
sahnelen=3/3	0.03	9	0.0659167	0.0
sak=3/7	0.03	9	0.0659167	0.0
sanatsal=3/3	0.03	9	0.0659167	0.0
sar=3/3	0.03	9	0.0659167	0.0
saygun=3/3	0.03	9	0.0659167	0.0
senfoni=3/5	0.03	9	0.0659167	0.0
serdaroğlu=3/3	0.03	9	0.0659167	0.0
sergile=3/3	0.03	9	0.0659167	0.0
serkan=3/3	0.03	9	0.0659167	0.0
seul=3/3	0.03	9	0.0659167	0.0
sevin=3/3	0.03	9	0.0659167	0.0
sevinç=3/9	0.03	9	0.0659167	0.0
seyhan=3/13	0.03	9	0.0659167	0.0
sinemasever=3/8	0.03	9	0.0659167	0.0
solistlik=3/3	0.03	9	0.0659167	0.0
soluklu=3/3	0.03	9	0.0659167	0.0
suat=3/3	0.03	9	0.0659167	0.0
tabak=3/5	0.03	9	0.0659167	0.0
tablo=3/16	0.03	9	0.0659167	0.0
taner=3/7	0.03	9	0.0659167	0.0
tanıtma=3/4	0.03	9	0.0659167	0.0
tanıtım=3/3	0.03	9	0.0659167	0.0
teki=3/3	0.03	9	0.0659167	0.0
tempo=3/6	0.03	9	0.0659167	0.0
terk=3/3	0.03	9	0.0659167	0.0
tony=3/3	0.03	9	0.0659167	0.0
topkapı=3/7	0.03	9	0.0659167	0.0
tos=3/3	0.03	9	0.0659167	0.0
unvan=3/3	0.03	9	0.0659167	0.0
uriah=3/12	0.03	9	0.0659167	0.0
urıah=3/3	0.03	9	0.0659167	0.0
uğraş=3/3	0.03	9	0.0659167	0.0
varyasyon=3/11	0.03	9	0.0659167	0.0
vicdan=3/5	0.03	9	0.0659167	0.0
videolu=3/6	0.03	9	0.0659167	0.0
vokal=3/6	0.03	9	0.0659167	0.0
vörös=3/3	0.03	9	0.0659167	0.0
wolfgang=3/3	0.03	9	0.0659167	0.0
yanıtla=6/6	0.06	3	0.0659167	0.0
yapımcı=3/9	0.03	9	0.0659167	0.0
yapımcılık=3/3	0.03	9	0.0659167	0.0
yaratma=3/3	0.03	9	0.0659167	0.0
yayıl=3/3	0.03	9	0.0659167	0.0
yayın=3/6	0.03	9	0.0659167	0.0
yayınları=3/3	0.03	9	0.0659167	0.0
yazıp=3/3	0.03	9	0.0659167	0.0
yaşamak=3/3	0.03	9	0.0659167	0.0
yollayarak=3/3	0.03	9	0.0659167	0.0
yoğunlaşan=3/3	0.03	9	0.0659167	0.0
zero=3/3	0.03	9	0.0659167	0.0
zevk=3/3	0.03	9	0.0659167	0.0
ziya=3/3	0.03	9	0.0659167	0.0
zorlandık=3/3	0.03	9	0.0659167	0.0
zülüf=3/4	0.03	9	0.0659167	0.0
çağdaş=3/3	0.03	9	0.0659167	0.0
çevrilen=3/3	0.03	9	0.0659167	0.0
çirkin=3/3	0.03	9	0.0659167	0.0
çiğde=3/3	0.03	9	0.0659167	0.0
ölümsüz=3/4	0.03	9	0.0659167	0.0
ören=3/9	0.03	9	0.0659167	0.0
özer=3/7	0.03	9	0.0659167	0.0
özgü=3/4	0.03	9	0.0659167	0.0
üstlen=3/3	0.03	9	0.0659167	0.0
üstlenen=3/3	0.03	9	0.0659167	0.0
üzerlerine=3/3	0.03	9	0.0659167	0.0
üçleme=3/3	0.03	9	0.0659167	0.0
ıhsahn=3/3	0.03	9	0.0659167	0.0
ılk=3/3	0.03	9	0.0659167	0.0
ısparta=3/3	0.03	9	0.0659167	0.0
ıstanbul=3/3	0.03	9	0.0659167	0.0
şahane=3/16	0.03	9	0.0659167	0.0
şenay=3/3	0.03	9	0.0659167	0.0
başkent=9/9	0.09	2	0.0623832	0.0
tanıt=9/16	0.09	2	0.0623832	0.0
üçüncü=9/13	0.09	2	0.0623832	0.0
akdeniz=4/6	0.04	4	0.0554518	0.0
akkaya=4/6	0.04	4	0.0554518	0.0
alternatif=4/5	0.04	4	0.0554518	0.0
amerikalı=4/5	0.04	4	0.0554518	0.0
aşk=8/10	0.08	2	0.0554518	0.0
bakma=4/4	0.04	4	0.0554518	0.0
barış=8/19	0.08	2	0.0554518	0.0
başrol=4/8	0.04	4	0.0554518	0.0
boyutlu=4/4	0.04	4	0.0554518	0.0
değerlendirilme=4/4	0.04	4	0.0554518	0.0
dostluk=4/4	0.04	4	0.0554518	0.0
dönüm=4/7	0.04	4	0.0554518	0.0
fikret=4/4	0.04	4	0.0554518	0.0
geçirme=4/4	0.04	4	0.0554518	0.0
güzellik=4/7	0.04	4	0.0554518	0.0
harika=4/7	0.04	4	0.0554518	0.0
hollanda=4/5	0.04	4	0.0554518	0.0
james=4/6	0.04	4	0.0554518	0.0
kay=4/4	0.04	4	0.0554518	0.0
keyifli=4/4	0.04	4	0.0554518	0.0
kostüm=4/4	0.04	4	0.0554518	0.0
liste=8/10	0.08	2	0.0554518	0.0
mustafa=8/8	0.08	2	0.0554518	0.0
mühendis=4/4	0.04	4	0.0554518	0.0
nuri=4/6	0.04	4	0.0554518	0.0
orhan=4/32	0.04	4	0.0554518	0.0
sarı=4/5	0.04	4	0.0554518	0.0
senaryo=4/6	0.04	4	0.0554518	0.0
sinir=4/4	0.04	4	0.0554518	0.0
sunul=4/4	0.04	4	0.0554518	0.0
temmuz=4/4	0.04	4	0.0554518	0.0
vadi=4/6	0.04	4	0.0554518	0.0
vizyon=4/4	0.04	4	0.0554518	0.0
yorum=8/18	0.08	2	0.0554518	0.0
yönettik=4/7	0.04	4	0.0554518	0.0
çerçeve=8/8	0.08	2	0.0554518	0.0
çeşitlilik=4/4	0.04	4	0.0554518	0.0
çıkarıl=4/6	0.04	4	0.0554518	0.0
çıkarılan=4/4	0.04	4	0.0554518	0.0
öz=4/5	0.04	4	0.0554518	0.0
öğren=4/6	0.04	4	0.0554518	0.0
ücretsiz=4/10	0.04	4	0.0554518	0.0
amerikan=5/8	0.05	3	0.0549306	0.0
artış=5/15	0.05	3	0.0549306	0.0
açan=5/5	0.05	3	0.0549306	0.0
bap=5/5	0.05	3	0.0549306	0.0
başar=5/5	0.05	3	0.0549306	0.0
deprem=5/6	0.05	3	0.0549306	0.0
doğan=5/5	0.05	3	0.0549306	0.0
gerçekleş=5/5	0.05	3	0.0549306	0.0
iade=5/15	0.05	3	0.0549306	0.0
ibrahim=5/24	0.05	3	0.0549306	0.0
karanlık=5/6	0.05	3	0.0549306	0.0
tasar=5/5	0.05	3	0.0549306	0.0
versiyon=5/5	0.05	3	0.0549306	0.0
yalnız=5/5	0.05	3	0.0549306	0.0
yayımlan=5/6	0.05	3	0.0549306	0.0
yemek=5/5	0.05	3	0.0549306	0.0
bat=7/7	0.07	2	0.0485203	0.0
bey=7/13	0.07	2	0.0485203	0.0
davet=7/10	0.07	2	0.0485203	0.0
dur=7/9	0.07	2	0.0485203	0.0
düzenlen=7/7	0.07	2	0.0485203	0.0
hakan=7/10	0.07	2	0.0485203	0.0
kurulan=7/7	0.07	2	0.0485203	0.0
not=7/7	0.07	2	0.0485203	0.0
oyun=7/38	0.07	2	0.0485203	0.0
temel=7/10	0.07	2	0.0485203	0.0
tut=7/7	0.07	2	0.0485203	0.0
adres=4/5	0.04	3	0.0439445	0.0
ağırla=4/4	0.04	3	0.0439445	0.0
bilin=4/4	0.04	3	0.0439445	0.0
bünye=4/5	0.04	3	0.0439445	0.0
coğrafya=4/4	0.04	3	0.0439445	0.0
evlat=4/4	0.04	3	0.0439445	0.0
eğlence=4/5	0.04	3	0.0439445	0.0
gerçekleşen=4/4	0.04	3	0.0439445	0.0
hapis=4/4	0.04	3	0.0439445	0.0
ikili=4/8	0.04	3	0.0439445	0.0
itibar=4/9	0.04	3	0.0439445	0.0
işçi=4/4	0.04	3	0.0439445	0.0
kale=4/7	0.04	3	0.0439445	0.0
kavram=4/4	0.04	3	0.0439445	0.0
korku=4/5	0.04	3	0.0439445	0.0
meslek=4/7	0.04	3	0.0439445	0.0
organizasyon=4/5	0.04	3	0.0439445	0.0
ruh=4/8	0.04	3	0.0439445	0.0
tamamla=4/4	0.04	3	0.0439445	0.0
temsil=4/5	0.04	3	0.0439445	0.0
ter=4/4	0.04	3	0.0439445	0.0
tv=4/4	0.04	3	0.0439445	0.0
töre=4/6	0.04	3	0.0439445	0.0
veda=4/6	0.04	3	0.0439445	0.0
yakın=4/4	0.04	3	0.0439445	0.0
yarış=4/5	0.04	3	0.0439445	0.0
and=3/3	0.03	4	0.0415888	0.0
anımsatarak=3/3	0.03	4	0.0415888	0.0
avusturya=3/3	0.03	4	0.0415888	0.0
açılma=6/6	0.06	2	0.0415888	0.0
bay=3/3	0.03	4	0.0415888	0.0
bayram=6/24	0.06	2	0.0415888	0.0
başak=3/3	0.03	4	0.0415888	0.0
beklemedik=3/3	0.03	4	0.0415888	0.0
beyin=3/3	0.03	4	0.0415888	0.0
bira=3/3	0.03	4	0.0415888	0.0
bitme=3/7	0.03	4	0.0415888	0.0
black=3/3	0.03	4	0.0415888	0.0
bulgaristan=3/13	0.03	4	0.0415888	0.0
camia=3/3	0.03	4	0.0415888	0.0
canlandır=3/4	0.03	4	0.0415888	0.0
cumartesi=6/10	0.06	2	0.0415888	0.0
deneme=3/3	0.03	4	0.0415888	0.0
dilek=3/3	0.03	4	0.0415888	0.0
dönen=3/3	0.03	4	0.0415888	0.0
düşünme=3/3	0.03	4	0.0415888	0.0
edirne=3/4	0.03	4	0.0415888	0.0
eleme=3/3	0.03	4	0.0415888	0.0
endüstri=3/8	0.03	4	0.0415888	0.0
eşlik=6/6	0.06	2	0.0415888	0.0
ferhat=3/8	0.03	4	0.0415888	0.0
galatasaray=3/3	0.03	4	0.0415888	0.0
gelir=3/5	0.03	4	0.0415888	0.0
gizem=3/3	0.03	4	0.0415888	0.0
gönderme=3/3	0.03	4	0.0415888	0.0
görülme=3/3	0.03	4	0.0415888	0.0
götür=3/3	0.03	4	0.0415888	0.0
hapishane=3/4	0.03	4	0.0415888	0.0
harita=3/4	0.03	4	0.0415888	0.0
hassasiyet=3/3	0.03	4	0.0415888	0.0
hedefleyen=3/3	0.03	4	0.0415888	0.0
huzur=3/3	0.03	4	0.0415888	0.0
insanlık=3/3	0.03	4	0.0415888	0.0
istatistik=3/3	0.03	4	0.0415888	0.0
izlenme=3/3	0.03	4	0.0415888	0.0
jeff=3/21	0.03	4	0.0415888	0.0
kadir=3/9	0.03	4	0.0415888	0.0
kalmak=3/3	0.03	4	0.0415888	0.0
keyif=3/4	0.03	4	0.0415888	0.0
konulu=3/4	0.03	4	0.0415888	0.0
kurgu=3/3	0.03	4	0.0415888	0.0
kurulduk=3/3	0.03	4	0.0415888	0.0
lansman=3/3	0.03	4	0.0415888	0.0
makam=3/3	0.03	4	0.0415888	0.0
mardin=3/3	0.03	4	0.0415888	0.0
meti=3/3	0.03	4	0.0415888	0.0
ni=3/3	0.03	4	0.0415888	0.0
nı=3/3	0.03	4	0.0415888	0.0
of=6/6	0.06	2	0.0415888	0.0
onay=3/3	0.03	4	0.0415888	0.0
pazartesi=3/7	0.03	4	0.0415888	0.0
peş=3/3	0.03	4	0.0415888	0.0
sayfa=6/10	0.06	2	0.0415888	0.0
saygı=3/3	0.03	4	0.0415888	0.0
sayısız=3/4	0.03	4	0.0415888	0.0
sefer=3/3	0.03	4	0.0415888	0.0
serdar=3/3	0.03	4	0.0415888	0.0
seslen=3/3	0.03	4	0.0415888	0.0
set=3/22	0.03	4	0.0415888	0.0
seyirci=6/16	0.06	2	0.0415888	0.0
sezon=6/14	0.06	2	0.0415888	0.0
tanıdık=3/3	0.03	4	0.0415888	0.0
tanıma=3/3	0.03	4	0.0415888	0.0
tanımlama=3/3	0.03	4	0.0415888	0.0
taşı=6/6	0.06	2	0.0415888	0.0
topluluk=3/3	0.03	4	0.0415888	0.0
toprak=3/3	0.03	4	0.0415888	0.0
tor=3/3	0.03	4	0.0415888	0.0
uyku=3/3	0.03	4	0.0415888	0.0
yabancı=6/10	0.06	2	0.0415888	0.0
yalçın=3/3	0.03	4	0.0415888	0.0
yat=3/3	0.03	4	0.0415888	0.0
yazan=3/3	0.03	4	0.0415888	0.0
yazma=3/4	0.03	4	0.0415888	0.0
yaşlı=3/3	0.03	4	0.0415888	0.0
yerleş=3/3	0.03	4	0.0415888	0.0
youtube=3/5	0.03	4	0.0415888	0.0
zeynep=3/7	0.03	4	0.0415888	0.0
çanta=3/5	0.03	4	0.0415888	0.0
çevir=3/3	0.03	4	0.0415888	0.0
çıkarak=3/3	0.03	4	0.0415888	0.0
öde=3/3	0.03	4	0.0415888	0.0
ömür=3/3	0.03	4	0.0415888	0.0
öncü=3/3	0.03	4	0.0415888	0.0
özcan=3/4	0.03	4	0.0415888	0.0
adalet=5/17	0.05	2	0.0346574	0.0
almanya=5/5	0.05	2	0.0346574	0.0
antalya=5/7	0.05	2	0.0346574	0.0
ateş=5/12	0.05	2	0.0346574	0.0
aziz=5/9	0.05	2	0.0346574	0.0
bur=5/8	0.05	2	0.0346574	0.0
diyarbakır=5/18	0.05	2	0.0346574	0.0
dr=5/7	0.05	2	0.0346574	0.0
düzenledik=5/5	0.05	2	0.0346574	0.0
fakülte=5/6	0.05	2	0.0346574	0.0
hızlı=5/5	0.05	2	0.0346574	0.0
ingiliz=5/5	0.05	2	0.0346574	0.0
na=5/11	0.05	2	0.0346574	0.0
piyasa=5/10	0.05	2	0.0346574	0.0
politika=5/7	0.05	2	0.0346574	0.0
ta=5/5	0.05	2	0.0346574	0.0
vurgula=5/5	0.05	2	0.0346574	0.0
web=5/5	0.05	2	0.0346574	0.0
yılma=5/10	0.05	2	0.0346574	0.0
çektik=5/5	0.05	2	0.0346574	0.0
üretim=5/12	0.05	2	0.0346574	0.0
alman=3/3	0.03	3	0.0329584	0.0
aracılık=3/3	0.03	3	0.0329584	0.0
arena=3/4	0.03	3	0.0329584	0.0
atatürk=3/4	0.03	3	0.0329584	0.0
atma=3/3	0.03	3	0.0329584	0.0
açtık=3/3	0.03	3	0.0329584	0.0
başvuru=3/3	0.03	3	0.0329584	0.0
biçim=3/3	0.03	3	0.0329584	0.0
bulunmak=3/3	0.03	3	0.0329584	0.0
cihan=3/3	0.03	3	0.0329584	0.0
cinayet=3/3	0.03	3	0.0329584	0.0
darbe=3/3	0.03	3	0.0329584	0.0
david=3/3	0.03	3	0.0329584	0.0
ders=3/3	0.03	3	0.0329584	0.0
destekledik=3/3	0.03	3	0.0329584	0.0
disiplin=3/5	0.03	3	0.0329584	0.0
dolu=3/5	0.03	3	0.0329584	0.0
dördüncü=3/4	0.03	3	0.0329584	0.0
düşündük=3/3	0.03	3	0.0329584	0.0
elektronik=3/8	0.03	3	0.0329584	0.0
eskişehir=3/4	0.03	3	0.0329584	0.0
etap=3/3	0.03	3	0.0329584	0.0
etkile=3/3	0.03	3	0.0329584	0.0
galeri=3/11	0.03	3	0.0329584	0.0
gelip=3/3	0.03	3	0.0329584	0.0
geliştirme=3/3	0.03	3	0.0329584	0.0
görmek=3/4	0.03	3	0.0329584	0.0
günlük=3/4	0.03	3	0.0329584	0.0
hüseyin=3/3	0.03	3	0.0329584	0.0
inşallah=3/5	0.03	3	0.0329584	0.0
is=3/3	0.03	3	0.0329584	0.0
kapsamlı=3/3	0.03	3	0.0329584	0.0
kategori=3/10	0.03	3	0.0329584	0.0
kişisel=3/6	0.03	3	0.0329584	0.0
kolayca=3/3	0.03	3	0.0329584	0.0
konya=3/10	0.03	3	0.0329584	0.0
kore=3/3	0.03	3	0.0329584	0.0
masum=3/3	0.03	3	0.0329584	0.0
metre=3/4	0.03	3	0.0329584	0.0
meyve=3/7	0.03	3	0.0329584	0.0
murat=3/3	0.03	3	0.0329584	0.0
müdürlüğü=3/3	0.03	3	0.0329584	0.0
osman=3/3	0.03	3	0.0329584	0.0
paris=3/8	0.03	3	0.0329584	0.0
pos=3/5	0.03	3	0.0329584	0.0
söyledik=3/3	0.03	3	0.0329584	0.0
tanık=3/3	0.03	3	0.0329584	0.0
tavır=3/3	0.03	3	0.0329584	0.0
van=3/5	0.03	3	0.0329584	0.0
yapabil=3/3	0.03	3	0.0329584	0.0
yapama=3/3	0.03	3	0.0329584	0.0
yargı=3/5	0.03	3	0.0329584	0.0
yürüttük=3/3	0.03	3	0.0329584	0.0
çekil=3/3	0.03	3	0.0329584	0.0
çiçek=3/3	0.03	3	0.0329584	0.0
özdemir=3/3	0.03	3	0.0329584	0.0
atan=4/4	0.04	2	0.0277259	0.0
açılış=4/10	0.04	2	0.0277259	0.0
bildiren=4/4	0.04	2	0.0277259	0.0
bilme=4/5	0.04	2	0.0277259	0.0
com=4/4	0.04	2	0.0277259	0.0
doğrultu=4/6	0.04	2	0.0277259	0.0
faruk=4/4	0.04	2	0.0277259	0.0
güve=4/4	0.04	2	0.0277259	0.0
kayıp=4/4	0.04	2	0.0277259	0.0
kongre=4/7	0.04	2	0.0277259	0.0
kullanıl=4/4	0.04	2	0.0277259	0.0
mesele=4/6	0.04	2	0.0277259	0.0
modern=4/7	0.04	2	0.0277259	0.0
mutluluk=4/4	0.04	2	0.0277259	0.0
sağlan=4/10	0.04	2	0.0277259	0.0
tatil=4/7	0.04	2	0.0277259	0.0
ten=4/5	0.04	2	0.0277259	0.0
uzak=4/4	0.04	2	0.0277259	0.0
vakıf=4/8	0.04	2	0.0277259	0.0
varlık=4/4	0.04	2	0.0277259	0.0
verecek=4/4	0.04	2	0.0277259	0.0
york=4/5	0.04	2	0.0277259	0.0
çap=4/4	0.04	2	0.0277259	0.0
çağ=4/7	0.04	2	0.0277259	0.0
ışık=4/6	0.04	2	0.0277259	0.0
şahin=4/6	0.04	2	0.0277259	0.0
aklı=3/3	0.03	2	0.0207944	0.0
ayrılan=3/3	0.03	2	0.0207944	0.0
bağlantı=3/3	0.03	2	0.0207944	0.0
başbakan=3/3	0.03	2	0.0207944	0.0
cinsel=3/3	0.03	2	0.0207944	0.0
değerli=3/5	0.03	2	0.0207944	0.0
duvar=3/4	0.03	2	0.0207944	0.0
ekim=3/3	0.03	2	0.0207944	0.0
gerekli=3/3	0.03	2	0.0207944	0.0
getirdik=3/3	0.03	2	0.0207944	0.0
gül=3/7	0.03	2	0.0207944	0.0
has=3/3	0.03	2	0.0207944	0.0
hata=3/18	0.03	2	0.0207944	0.0
hazırlık=3/3	0.03	2	0.0207944	0.0
heyecan=3/3	0.03	2	0.0207944	0.0
kamu=3/9	0.03	2	0.0207944	0.0
kardeş=3/4	0.03	2	0.0207944	0.0
kimlik=3/3	0.03	2	0.0207944	0.0
kurum=3/3	0.03	2	0.0207944	0.0
köy=3/6	0.03	2	0.0207944	0.0
oluşturduk=3/3	0.03	2	0.0207944	0.0
oğul=3/3	0.03	2	0.0207944	0.0
paket=3/5	0.03	2	0.0207944	0.0
prof=3/4	0.03	2	0.0207944	0.0
reddet=3/3	0.03	2	0.0207944	0.0
sev=3/3	0.03	2	0.0207944	0.0
siyah=3/5	0.03	2	0.0207944	0.0
trabzon=3/5	0.03	2	0.0207944	0.0
twitter=3/3	0.03	2	0.0207944	0.0
vücut=3/3	0.03	2	0.0207944	0.0
çekme=3/3	0.03	2	0.0207944	0.0
çelik=3/3	0.03	2	0.0207944	0.0
çizgi=3/3	0.03	2	0.0207944	0.0
aa=11/12	0.11	1	0	0.0
abd=9/9	0.09	1	0	0.0
ad=22/35	0.22	1	0	0.0
ada=14/26	0.14	1	0	0.0
adam=4/4	0.04	1	0	0.0
aday=7/14	0.07	1	0	0.0
adlı=19/32	0.19	1	0	0.0
ahmet=8/12	0.08	1	0	0.0
aile=4/6	0.04	1	0	0.0
ait=14/15	0.14	1	0	0.0
ak=6/6	0.06	1	0	0.0
aktar=7/7	0.07	1	0	0.0
akşam=12/15	0.12	1	0	0.0
al=48/79	0.48	1	0	0.0
alacak=3/3	0.03	1	0	0.0
alan=30/45	0.3	1	0	0.0
alarak=4/5	0.04	1	0	0.0
aldık=22/28	0.22	1	0	0.0
ali=5/7	0.05	1	0	0.0
alma=15/18	0.15	1	0	0.0
almak=4/5	0.04	1	0	0.0
alt=23/35	0.23	1	0	0.0
alınan=5/5	0.05	1	0	0.0
alınma=4/4	0.04	1	0	0.0
alıp=3/4	0.03	1	0	0.0
amacı=8/9	0.08	1	0	0.0
amerika=3/3	0.03	1	0	0.0
an=17/20	0.17	1	0	0.0
anadolu=9/17	0.09	1	0	0.0
ankara=12/34	0.12	1	0	0.0
anlam=9/12	0.09	1	0	0.0
anlat=10/13	0.1	1	0	0.0
anlatan=4/4	0.04	1	0	0.0
anlaşma=3/5	0.03	1	0	0.0
anne=5/5	0.05	1	0	0.0
ara=47/73	0.47	1	0	0.0
araştırma=4/4	0.04	1	0	0.0
arka=7/9	0.07	1	0	0.0
arkadaş=9/11	0.09	1	0	0.0
art=16/22	0.16	1	0	0.0
asker=4/4	0.04	1	0	0.0
at=10/12	0.1	1	0	0.0
avrupa=7/9	0.07	1	0	0.0
ay=29/44	0.29	1	0	0.0
ayak=3/7	0.03	1	0	0.0
ayn=21/24	0.21	1	0	0.0
ayrı=5/6	0.05	1	0	0.0
aç=4/6	0.04	1	0	0.0
açı=3/3	0.03	1	0	0.0
açık=6/9	0.06	1	0	0.0
açıkla=5/5	0.05	1	0	0.0
açıklama=9/10	0.09	1	0	0.0
baba=7/8	0.07	1	0	0.0
bak=5/6	0.05	1	0	0.0
bakan=8/30	0.08	1	0	0.0
bakanlık=10/35	0.1	1	0	0.0
bakanlığı=3/5	0.03	1	0	0.0
bas=9/12	0.09	1	0	0.0
baskı=4/6	0.04	1	0	0.0
baş=22/30	0.22	1	0	0.0
başarı=12/13	0.12	1	0	0.0
başarılı=8/9	0.08	1	0	0.0
başka=12/14	0.12	1	0	0.0
başla=12/16	0.12	1	0	0.0
başladık=7/9	0.07	1	0	0.0
başlayan=4/4	0.04	1	0	0.0
be=6/6	0.06	1	0	0.0
bekle=7/7	0.07	1	0	0.0
bekledik=3/3	0.03	1	0	0.0
beklen=3/3	0.03	1	0	0.0
belirt=10/10	0.1	1	0	0.0
belirten=10/10	0.1	1	0	0.0
belirterek=8/12	0.08	1	0	0.0
belli=3/3	0.03	1	0	0.0
beraber=6/8	0.06	1	0	0.0
beyaz=5/9	0.05	1	0	0.0
bildir=4/4	0.04	1	0	0.0
bilgi=7/7	0.07	1	0	0.0
bili=3/3	0.03	1	0	0.0
biraz=8/8	0.08	1	0	0.0
birbiri=7/9	0.07	1	0	0.0
birinci=6/6	0.06	1	0	0.0
birlik=19/28	0.19	1	0	0.0
boy=14/17	0.14	1	0	0.0
bugün=14/20	0.14	1	0	0.0
bul=14/19	0.14	1	0	0.0
bulun=8/9	0.08	1	0	0.0
bulunan=12/15	0.12	1	0	0.0
bulunduk=13/14	0.13	1	0	0.0
bulunma=3/3	0.03	1	0	0.0
bura=4/10	0.04	1	0	0.0
bölge=9/13	0.09	1	0	0.0
bölüm=7/7	0.07	1	0	0.0
bülent=5/7	0.05	1	0	0.0
büyük=30/67	0.3	1	0	0.0
bırakma=4/4	0.04	1	0	0.0
can=7/10	0.07	1	0	0.0
canlı=7/9	0.07	1	0	0.0
ceza=4/16	0.04	1	0	0.0
ciddi=3/3	0.03	1	0	0.0
dahil=5/7	0.05	1	0	0.0
dair=8/8	0.08	1	0	0.0
dan=10/12	0.1	1	0	0.0
dek=9/9	0.09	1	0	0.0
den=18/23	0.18	1	0	0.0
deniz=11/12	0.11	1	0	0.0
dergi=3/3	0.03	1	0	0.0
dernek=5/5	0.05	1	0	0.0
destek=17/79	0.17	1	0	0.0
dev=9/10	0.09	1	0	0.0
deva=26/42	0.26	1	0	0.0
devlet=16/33	0.16	1	0	0.0
değer=3/7	0.03	1	0	0.0
değerlendirme=3/4	0.03	1	0	0.0
değiş=6/6	0.06	1	0	0.0
dikkat=16/21	0.16	1	0	0.0
dil=17/30	0.17	1	0	0.0
diyen=3/3	0.03	1	0	0.0
diyerek=3/5	0.03	1	0	0.0
do=8/17	0.08	1	0	0.0
doktor=7/8	0.07	1	0	0.0
doğu=5/11	0.05	1	0	0.0
duru=7/7	0.07	1	0	0.0
durum=5/7	0.05	1	0	0.0
dön=3/3	0.03	1	0	0.0
dönem=21/28	0.21	1	0	0.0
dönüş=5/7	0.05	1	0	0.0
dün=3/3	0.03	1	0	0.0
dünya=34/74	0.34	1	0	0.0
düzenlenen=13/14	0.13	1	0	0.0
düş=9/13	0.09	1	0	0.0
düşen=5/7	0.05	1	0	0.0
düştük=8/15	0.08	1	0	0.0
düşün=5/7	0.05	1	0	0.0
dış=15/21	0.15	1	0	0.0
dışarı=3/3	0.03	1	0	0.0
edil=8/10	0.08	1	0	0.0
edildik=3/3	0.03	1	0	0.0
edilen=9/11	0.09	1	0	0.0
ek=8/16	0.08	1	0	0.0
ekip=5/6	0.05	1	0	0.0
el=21/38	0.21	1	0	0.0
emir=3/3	0.03	1	0	0.0
erkek=6/8	0.06	1	0	0.0
eski=12/15	0.12	1	0	0.0
et=19/35	0.19	1	0	0.0
etki=8/8	0.08	1	0	0.0
etkili=5/5	0.05	1	0	0.0
etkinlik=14/23	0.14	1	0	0.0
etme=15/20	0.15	1	0	0.0
etmek=4/4	0.04	1	0	0.0
ev=16/26	0.16	1	0	0.0
eylül=3/3	0.03	1	0	0.0
eğitim=10/17	0.1	1	0	0.0
eş=4/4	0.04	1	0	0.0
faaliyet=6/7	0.06	1	0	0.0
fark=4/4	0.04	1	0	0.0
farklı=17/28	0.17	1	0	0.0
fatih=9/9	0.09	1	0	0.0
faz=10/15	0.1	1	0	0.0
fikir=4/5	0.04	1	0	0.0
film=20/228	0.2	1	0	0.0
fiyat=5/5	0.05	1	0	0.0
fotoğraf=5/11	0.05	1	0	0.0
gazete=6/6	0.06	1	0	0.0
gazeteci=4/4	0.04	1	0	0.0
gece=15/34	0.15	1	0	0.0
gel=27/54	0.27	1	0	0.0
geldik=11/14	0.11	1	0	0.0
gelecek=8/8	0.08	1	0	0.0
gelen=17/20	0.17	1	0	0.0
gelişme=5/5	0.05	1	0	0.0
gelme=6/6	0.06	1	0	0.0
genel=15/19	0.15	1	0	0.0
geniş=5/5	0.05	1	0	0.0
genç=12/12	0.12	1	0	0.0
gerek=4/8	0.04	1	0	0.0
gereken=4/4	0.04	1	0	0.0
gerektik=7/9	0.07	1	0	0.0
geri=7/9	0.07	1	0	0.0
gerçek=17/25	0.17	1	0	0.0
getir=10/13	0.1	1	0	0.0
getiren=6/7	0.06	1	0	0.0
getirme=3/3	0.03	1	0	0.0
geç=14/16	0.14	1	0	0.0
geçen=18/24	0.18	1	0	0.0
geçmiş=3/5	0.03	1	0	0.0
geçtik=4/7	0.04	1	0	0.0
gir=7/8	0.07	1	0	0.0
giren=7/9	0.07	1	0	0.0
giriş=6/6	0.06	1	0	0.0
git=9/10	0.09	1	0	0.0
gitme=3/3	0.03	1	0	0.0
grup=20/65	0.2	1	0	0.0
gör=9/13	0.09	1	0	0.0
gördük=5/5	0.05	1	0	0.0
gören=3/3	0.03	1	0	0.0
görev=7/7	0.07	1	0	0.0
görül=7/7	0.07	1	0	0.0
görülen=3/5	0.03	1	0	0.0
görüntü=3/3	0.03	1	0	0.0
görüş=4/4	0.04	1	0	0.0
göster=9/14	0.09	1	0	0.0
gösterdik=5/5	0.05	1	0	0.0
göz=14/19	0.14	1	0	0.0
gün=34/49	0.34	1	0	0.0
gündem=4/5	0.04	1	0	0.0
güney=5/5	0.05	1	0	0.0
güneş=9/20	0.09	1	0	0.0
güzel=11/22	0.11	1	0	0.0
güç=9/11	0.09	1	0	0.0
güçlü=4/5	0.04	1	0	0.0
haber=7/11	0.07	1	0	0.0
haf=8/12	0.08	1	0	0.0
hafta=5/5	0.05	1	0	0.0
hak=18/25	0.18	1	0	0.0
hal=24/32	0.24	1	0	0.0
halk=15/16	0.15	1	0	0.0
hava=3/3	0.03	1	0	0.0
hayal=8/20	0.08	1	0	0.0
hayat=20/56	0.2	1	0	0.0
hazır=10/11	0.1	1	0	0.0
hazırladık=5/5	0.05	1	0	0.0
hazırlan=6/6	0.06	1	0	0.0
hemen=3/4	0.03	1	0	0.0
hizmet=4/5	0.04	1	0	0.0
hız=3/3	0.03	1	0	0.0
ifade=21/29	0.21	1	0	0.0
ihtiyaç=4/6	0.04	1	0	0.0
ikinci=11/12	0.11	1	0	0.0
il=5/11	0.05	1	0	0.0
ileri=4/6	0.04	1	0	0.0
iletiş=4/4	0.04	1	0	0.0
ilgi=26/42	0.26	1	0	0.0
ilginç=7/10	0.07	1	0	0.0
ilişki=6/7	0.06	1	0	0.0
ilk=49/94	0.49	1	0	0.0
in=21/33	0.21	1	0	0.0
inan=6/7	0.06	1	0	0.0
ingiltere=6/6	0.06	1	0	0.0
insan=17/48	0.17	1	0	0.0
isim=25/36	0.25	1	0	0.0
isimli=14/19	0.14	1	0	0.0
istanbul=35/71	0.35	1	0	0.0
iste=13/17	0.13	1	0	0.0
istedik=4/7	0.04	1	0	0.0
isteyen=4/4	0.04	1	0	0.0
iy=3/3	0.03	1	0	0.0
iyi=31/63	0.31	1	0	0.0
iz=10/10	0.1	1	0	0.0
izmir=4/9	0.04	1	0	0.0
iç=16/22	0.16	1	0	0.0
içeri=9/10	0.09	1	0	0.0
iş=14/22	0.14	1	0	0.0
işaret=5/7	0.05	1	0	0.0
işbirlik=6/10	0.06	1	0	0.0
kabul=7/10	0.07	1	0	0.0
kadı=10/16	0.1	1	0	0.0
kadın=4/4	0.04	1	0	0.0
kafa=5/7	0.05	1	0	0.0
kal=10/13	0.1	1	0	0.0
kalan=8/8	0.08	1	0	0.0
kaldık=4/4	0.04	1	0	0.0
kalma=3/3	0.03	1	0	0.0
kamuoy=4/4	0.04	1	0	0.0
kapsam=11/14	0.11	1	0	0.0
kar=13/15	0.13	1	0	0.0
karar=10/11	0.1	1	0	0.0
karşı=11/12	0.11	1	0	0.0
kas=23/101	0.23	1	0	0.0
kat=4/6	0.04	1	0	0.0
katkı=10/16	0.1	1	0	0.0
katıl=10/12	0.1	1	0	0.0
katılan=4/6	0.04	1	0	0.0
katıldık=4/4	0.04	1	0	0.0
kaybet=3/4	0.03	1	0	0.0
kaydet=11/14	0.11	1	0	0.0
kaynak=3/3	0.03	1	0	0.0
kayıt=5/7	0.05	1	0	0.0
kazan=9/16	0.09	1	0	0.0
kazanan=9/10	0.09	1	0	0.0
kişi=16/36	0.16	1	0	0.0
kolay=6/7	0.06	1	0	0.0
kontrol=3/3	0.03	1	0	0.0
konu=14/42	0.14	1	0	0.0
konuş=19/31	0.19	1	0	0.0
konuşma=3/6	0.03	1	0	0.0
koy=5/5	0.05	1	0	0.0
kur=9/13	0.09	1	0	0.0
kurban=4/15	0.04	1	0	0.0
kötü=6/8	0.06	1	0	0.0
kültür=27/50	0.27	1	0	0.0
küçük=7/8	0.07	1	0	0.0
kıs=12/16	0.12	1	0	0.0
kısım=5/5	0.05	1	0	0.0
kız=5/9	0.05	1	0	0.0
la=3/4	0.03	1	0	0.0
lira=8/54	0.08	1	0	0.0
medya=8/12	0.08	1	0	0.0
mehmet=12/16	0.12	1	0	0.0
merak=3/3	0.03	1	0	0.0
merkez=12/14	0.12	1	0	0.0
mesaj=6/9	0.06	1	0	0.0
meydan=6/6	0.06	1	0	0.0
milyon=17/56	0.17	1	0	0.0
muhabir=6/6	0.06	1	0	0.0
mutlu=11/11	0.11	1	0	0.0
müdür=9/11	0.09	1	0	0.0
müdürlük=4/6	0.04	1	0	0.0
nda=11/20	0.11	1	0	0.0
nde=14/15	0.14	1	0	0.0
new=6/7	0.06	1	0	0.0
nin=11/20	0.11	1	0	0.0
nokta=5/11	0.05	1	0	0.0
nun=7/11	0.07	1	0	0.0
nın=16/23	0.16	1	0	0.0
ocak=3/5	0.03	1	0	0.0
okul=5/9	0.05	1	0	0.0
ol=24/40	0.24	1	0	0.0
olabil=7/7	0.07	1	0	0.0
olacak=5/6	0.05	1	0	0.0
olay=5/8	0.05	1	0	0.0
olduk=12/14	0.12	1	0	0.0
oldukça=4/4	0.04	1	0	0.0
olma=22/27	0.22	1	0	0.0
oluş=8/8	0.08	1	0	0.0
oluşan=14/14	0.14	1	0	0.0
oluştur=5/6	0.05	1	0	0.0
ora=4/8	0.04	1	0	0.0
orta=14/22	0.14	1	0	0.0
ortak=5/5	0.05	1	0	0.0
oy=7/15	0.07	1	0	0.0
para=6/10	0.06	1	0	0.0
pazar=3/7	0.03	1	0	0.0
performans=11/20	0.11	1	0	0.0
plan=4/4	0.04	1	0	0.0
program=8/8	0.08	1	0	0.0
proje=14/41	0.14	1	0	0.0
rakam=5/5	0.05	1	0	0.0
rekor=4/7	0.04	1	0	0.0
resim=7/9	0.07	1	0	0.0
rol=7/9	0.07	1	0	0.0
saat=11/14	0.11	1	0	0.0
sahip=18/27	0.18	1	0	0.0
sahne=21/49	0.21	1	0	0.0
salon=12/33	0.12	1	0	0.0
satış=7/9	0.07	1	0	0.0
say=3/3	0.03	1	0	0.0
saye=3/3	0.03	1	0	0.0
sayı=16/35	0.16	1	0	0.0
sağla=5/11	0.05	1	0	0.0
sağlayan=5/5	0.05	1	0	0.0
sektör=4/10	0.04	1	0	0.0
ses=11/33	0.11	1	0	0.0
site=4/8	0.04	1	0	0.0
sokak=3/3	0.03	1	0	0.0
sonuç=10/15	0.1	1	0	0.0
soru=11/13	0.11	1	0	0.0
sorun=4/4	0.04	1	0	0.0
sosyal=9/13	0.09	1	0	0.0
spor=4/10	0.04	1	0	0.0
su=7/23	0.07	1	0	0.0
söyle=21/34	0.21	1	0	0.0
söz=13/17	0.13	1	0	0.0
sür=11/11	0.11	1	0	0.0
sürdür=5/5	0.05	1	0	0.0
süre=10/13	0.1	1	0	0.0
süreci=8/8	0.08	1	0	0.0
süreç=6/6	0.06	1	0	0.0
sürpriz=4/4	0.04	1	0	0.0
sınır=3/5	0.03	1	0	0.0
sır=14/16	0.14	1	0	0.0
sıra=14/14	0.14	1	0	0.0
tabii=3/5	0.03	1	0	0.0
tahmin=6/6	0.06	1	0	0.0
tak=4/4	0.04	1	0	0.0
takip=12/12	0.12	1	0	0.0
tam=8/8	0.08	1	0	0.0
tamamen=3/3	0.03	1	0	0.0
tan=8/9	0.08	1	0	0.0
tarih=32/60	0.32	1	0	0.0
tartışma=5/7	0.05	1	0	0.0
taş=15/17	0.15	1	0	0.0
te=7/14	0.07	1	0	0.0
tek=22/28	0.22	1	0	0.0
teknik=7/9	0.07	1	0	0.0
tekrar=13/13	0.13	1	0	0.0
telefon=4/4	0.04	1	0	0.0
televizyon=4/4	0.04	1	0	0.0
temsilci=6/6	0.06	1	0	0.0
tercih=5/5	0.05	1	0	0.0
teşekkür=3/3	0.03	1	0	0.0
tl=16/41	0.16	1	0	0.0
top=3/3	0.03	1	0	0.0
topla=9/18	0.09	1	0	0.0
toplantı=4/6	0.04	1	0	0.0
tür=7/8	0.07	1	0	0.0
türk=28/116	0.28	1	0	0.0
türkiye=35/109	0.35	1	0	0.0
ulaş=6/6	0.06	1	0	0.0
ulaşma=3/3	0.03	1	0	0.0
ulusal=6/7	0.06	1	0	0.0
uluslararası=13/24	0.13	1	0	0.0
uygulama=4/7	0.04	1	0	0.0
uygun=5/6	0.05	1	0	0.0
uz=15/29	0.15	1	0	0.0
uzman=3/3	0.03	1	0	0.0
vatandaş=3/3	0.03	1	0	0.0
ver=19/28	0.19	1	0	0.0
verdik=13/20	0.13	1	0	0.0
veren=11/11	0.11	1	0	0.0
veril=9/11	0.09	1	0	0.0
verilen=7/11	0.07	1	0	0.0
verilme=4/4	0.04	1	0	0.0
verme=7/7	0.07	1	0	0.0
vermek=6/9	0.06	1	0	0.0
vurgulayan=6/6	0.06	1	0	0.0
yak=23/31	0.23	1	0	0.0
yakala=4/6	0.04	1	0	0.0
yaklaşık=8/9	0.08	1	0	0.0
yan=15/20	0.15	1	0	0.0
yap=16/31	0.16	1	0	0.0
yapan=9/9	0.09	1	0	0.0
yaparak=5/7	0.05	1	0	0.0
yapma=15/25	0.15	1	0	0.0
yaptık=4/4	0.04	1	0	0.0
yapı=10/24	0.1	1	0	0.0
yapıl=9/11	0.09	1	0	0.0
yapıldık=8/8	0.08	1	0	0.0
yar=7/10	0.07	1	0	0.0
yarı=4/4	0.04	1	0	0.0
yay=6/6	0.06	1	0	0.0
yaz=18/33	0.18	1	0	0.0
yazılı=5/5	0.05	1	0	0.0
yaş=16/22	0.16	1	0	0.0
yaşa=17/32	0.17	1	0	0.0
yaşadık=4/5	0.04	1	0	0.0
yaşam=8/10	0.08	1	0	0.0
yaşan=3/3	0.03	1	0	0.0
yaşanan=4/4	0.04	1	0	0.0
yaşayan=6/7	0.06	1	0	0.0
ye=47/90	0.47	1	0	0.0
yen=26/44	0.26	1	0	0.0
yeni=9/13	0.09	1	0	0.0
yer=25/45	0.25	1	0	0.0
yeterli=3/3	0.03	1	0	0.0
yetkili=3/3	0.03	1	0	0.0
yok=10/15	0.1	1	0	0.0
yol=18/28	0.18	1	0	0.0
yoğ=7/7	0.07	1	0	0.0
yurt=8/16	0.08	1	0	0.0
yönetim=6/10	0.06	1	0	0.0
yöntem=4/4	0.04	1	0	0.0
yük=8/12	0.08	1	0	0.0
yıl=65/222	0.65	1	0	0.0
yıldız=12/17	0.12	1	0	0.0
yıllık=7/9	0.07	1	0	0.0
zaman=27/44	0.27	1	0	0.0
ziyaret=8/38	0.08	1	0	0.0
zor=5/5	0.05	1	0	0.0
çaba=5/5	0.05	1	0	0.0
çalış=11/15	0.11	1	0	0.0
çalışan=9/9	0.09	1	0	0.0
çalışma=29/55	0.29	1	0	0.0
çalıştık=5/6	0.05	1	0	0.0
çarşamba=5/10	0.05	1	0	0.0
çek=9/10	0.09	1	0	0.0
çeken=10/10	0.1	1	0	0.0
çevre=3/4	0.03	1	0	0.0
çeşitli=4/5	0.04	1	0	0.0
çift=5/7	0.05	1	0	0.0
çocuk=15/24	0.15	1	0	0.0
çöz=4/4	0.04	1	0	0.0
çık=17/20	0.17	1	0	0.0
çıkan=18/21	0.18	1	0	0.0
çıkma=10/10	0.1	1	0	0.0
çıktık=5/5	0.05	1	0	0.0
ödül=21/58	0.21	1	0	0.0
ölü=8/17	0.08	1	0	0.0
ömer=4/7	0.04	1	0	0.0
önem=7/14	0.07	1	0	0.0
önemli=34/67	0.34	1	0	0.0
örgüt=3/3	0.03	1	0	0.0
örnek=16/24	0.16	1	0	0.0
özel=18/31	0.18	1	0	0.0
özellik=11/14	0.11	1	0	0.0
öğrenci=8/14	0.08	1	0	0.0
ülke=22/35	0.22	1	0	0.0
ün=18/31	0.18	1	0	0.0
üniversite=10/19	0.1	1	0	0.0
ünlü=30/39	0.3	1	0	0.0
üst=6/6	0.06	1	0	0.0
üye=9/11	0.09	1	0	0.0
üzeri=28/42	0.28	1	0	0.0
ın=27/45	0.27	1	0	0.0
şehir=10/11	0.1	1	0	0.0
şekil=10/10	0.1	1	0	0.0
şirket=8/11	0.08	1	0	0.0
