dizi=26/89	0.26	9	0.5712784	0.0
ekran=18/27	0.18	4	0.249533	0.0
başrol=17/18	0.17	4	0.23567	0.0
foto=17/18	0.17	4	0.23567	0.0
görüntülen=10/14	0.1	9	0.2197225	0.0
sunucu=10/11	0.1	9	0.2197225	0.0
evet=9/22	0.09	9	0.1977502	0.0
oyuncu=28/56	0.28	2	0.1940812	0.0
diz=17/35	0.17	3	0.1867641	0.0
galeri=17/18	0.17	3	0.1867641	0.0
sinema=12/21	0.12	4	0.1663553	0.0
ayrılık=7/11	0.07	9	0.1538057	0.0
ihanet=7/14	0.07	9	0.1538057	0.0
kenan=7/15	0.07	9	0.1538057	0.0
komedi=7/7	0.07	9	0.1538057	0.0
paylaştık=7/7	0.07	9	0.1538057	0.0
sevgili=7/9	0.07	9	0.1538057	0.0
hikaye=11/23	0.11	4	0.1524924	0.0
twitter=22/29	0.22	2	0.1524924	0.0
le=10/16	0.1	4	0.1386294	0.0
sevdik=10/14	0.1	4	0.1386294	0.0
şark=10/17	0.1	4	0.1386294	0.0
alkış=6/8	0.06	9	0.1318335	0.0
ayrıl=6/8	0.06	9	0.1318335	0.0
kurt=6/10	0.06	9	0.1318335	0.0
magazin=6/6	0.06	9	0.1318335	0.0
poz=6/8	0.06	9	0.1318335	0.0
sevme=6/10	0.06	9	0.1318335	0.0
tv=12/14	0.12	3	0.1318335	0.0
çekilen=6/6	0.06	9	0.1318335	0.0
şanslı=6/15	0.06	9	0.1318335	0.0
karakter=9/28	0.09	4	0.1247665	0.0
bölü=16/18	0.16	2	0.1109035	0.0
final=8/12	0.08	4	0.1109035	0.0
röportaj=8/12	0.08	4	0.1109035	0.0
tiyatro=8/13	0.08	4	0.1109035	0.0
şarkıcı=8/17	0.08	4	0.1109035	0.0
bayıl=5/6	0.05	9	0.1098612	0.0
benzerlik=5/9	0.05	9	0.1098612	0.0
bırak=10/11	0.1	3	0.1098612	0.0
canlandıran=5/5	0.05	9	0.1098612	0.0
duy=5/6	0.05	9	0.1098612	0.0
evlen=5/8	0.05	9	0.1098612	0.0
giydik=5/5	0.05	9	0.1098612	0.0
han=5/11	0.05	9	0.1098612	0.0
kırmızıgül=5/8	0.05	9	0.1098612	0.0
mahsun=5/6	0.05	9	0.1098612	0.0
objektif=5/8	0.05	9	0.1098612	0.0
romantik=5/7	0.05	9	0.1098612	0.0
sanatçı=10/14	0.1	3	0.1098612	0.0
sevilen=5/5	0.05	9	0.1098612	0.0
stüdyo=5/5	0.05	9	0.1098612	0.0
ti=5/6	0.05	9	0.1098612	0.0
yansı=5/9	0.05	9	0.1098612	0.0
yaratan=5/5	0.05	9	0.1098612	0.0
yedik=5/5	0.05	9	0.1098612	0.0
çekim=5/17	0.05	9	0.1098612	0.0
şov=5/8	0.05	9	0.1098612	0.0
aşk=15/31	0.15	2	0.1039721	0.0
evlilik=9/21	0.09	3	0.0988751	0.0
damga=7/8	0.07	4	0.0970406	0.0
deme=7/10	0.07	4	0.0970406	0.0
izleyici=7/9	0.07	4	0.0970406	0.0
kanal=7/13	0.07	4	0.0970406	0.0
keyif=7/9	0.07	4	0.0970406	0.0
sayfa=14/15	0.14	2	0.0970406	0.0
saç=7/12	0.07	4	0.0970406	0.0
yarışma=7/15	0.07	4	0.0970406	0.0
şarkı=7/19	0.07	4	0.0970406	0.0
araba=4/5	0.04	9	0.087889	0.0
aynen=4/4	0.04	9	0.087889	0.0
beğen=4/5	0.04	9	0.087889	0.0
boşanma=4/6	0.04	9	0.087889	0.0
davran=4/5	0.04	9	0.087889	0.0
emek=4/5	0.04	9	0.087889	0.0
fragman=4/7	0.04	9	0.087889	0.0
galiba=4/4	0.04	9	0.087889	0.0
hisset=4/5	0.04	9	0.087889	0.0
ithaf=4/7	0.04	9	0.087889	0.0
karayel=4/4	0.04	9	0.087889	0.0
konuşul=4/4	0.04	9	0.087889	0.0
kırıklık=4/4	0.04	9	0.087889	0.0
kıyafet=4/4	0.04	9	0.087889	0.0
musunuz=4/4	0.04	9	0.087889	0.0
nişantaşı=4/5	0.04	9	0.087889	0.0
oyna=8/10	0.08	3	0.087889	0.0
oyunculuk=4/14	0.04	9	0.087889	0.0
paylaş=8/9	0.08	3	0.087889	0.0
polisiye=4/5	0.04	9	0.087889	0.0
profesyonel=8/9	0.08	3	0.087889	0.0
reyting=4/5	0.04	9	0.087889	0.0
sohbet=8/9	0.08	3	0.087889	0.0
sunuculuk=4/8	0.04	9	0.087889	0.0
söyleyebil=4/4	0.04	9	0.087889	0.0
tahammül=4/4	0.04	9	0.087889	0.0
topaloğlu=4/12	0.04	9	0.087889	0.0
umutsuz=4/7	0.04	9	0.087889	0.0
uğrama=4/4	0.04	9	0.087889	0.0
vahi=4/15	0.04	9	0.087889	0.0
yarışmacı=4/13	0.04	9	0.087889	0.0
yayınlan=4/4	0.04	9	0.087889	0.0
çarpıcı=4/5	0.04	9	0.087889	0.0
üzülme=4/7	0.04	9	0.087889	0.0
şaşırt=4/4	0.04	9	0.087889	0.0
albüm=6/19	0.06	4	0.0831777	0.0
dans=6/9	0.06	4	0.0831777	0.0
isyan=6/8	0.06	4	0.0831777	0.0
not=12/12	0.12	2	0.0831777	0.0
oku=6/11	0.06	4	0.0831777	0.0
set=6/9	0.06	4	0.0831777	0.0
bap=7/10	0.07	3	0.0769029	0.0
meslek=7/11	0.07	3	0.0769029	0.0
yemek=7/16	0.07	3	0.0769029	0.0
altan=5/17	0.05	4	0.0693147	0.0
bebek=5/8	0.05	4	0.0693147	0.0
güzellik=5/5	0.05	4	0.0693147	0.0
mekan=5/5	0.05	4	0.0693147	0.0
partner=5/9	0.05	4	0.0693147	0.0
renk=5/5	0.05	4	0.0693147	0.0
sınıf=5/5	0.05	4	0.0693147	0.0
tanıdık=5/5	0.05	4	0.0693147	0.0
vuran=5/5	0.05	4	0.0693147	0.0
web=10/10	0.1	2	0.0693147	0.0
zeynep=5/13	0.05	4	0.0693147	0.0
öykü=5/5	0.05	4	0.0693147	0.0
özcan=5/7	0.05	4	0.0693147	0.0
adıyamanlı=3/3	0.03	9	0.0659167	0.0
alış=3/3	0.03	9	0.0659167	0.0
anlamlı=3/3	0.03	9	0.0659167	0.0
apar=3/3	0.03	9	0.0659167	0.0
artvinli=3/3	0.03	9	0.0659167	0.0
asmalımescit=3/3	0.03	9	0.0659167	0.0
atay=3/3	0.03	9	0.0659167	0.0
atv=3/3	0.03	9	0.0659167	0.0
aşık=3/3	0.03	9	0.0659167	0.0
bilmedik=3/3	0.03	9	0.0659167	0.0
bond=3/5	0.03	9	0.0659167	0.0
bozul=3/3	0.03	9	0.0659167	0.0
boşanacak=3/3	0.03	9	0.0659167	0.0
dedikodu=3/4	0.03	9	0.0659167	0.0
devam=3/3	0.03	9	0.0659167	0.0
disiplinli=3/3	0.03	9	0.0659167	0.0
diyebil=3/3	0.03	9	0.0659167	0.0
duygulandır=3/3	0.03	9	0.0659167	0.0
duygulandıran=3/3	0.03	9	0.0659167	0.0
ekmek=3/5	0.03	9	0.0659167	0.0
eleştiren=3/3	0.03	9	0.0659167	0.0
ercan=3/3	0.03	9	0.0659167	0.0
esra=3/7	0.03	9	0.0659167	0.0
etsi=3/4	0.03	9	0.0659167	0.0
evcen=3/4	0.03	9	0.0659167	0.0
fahri=3/16	0.03	9	0.0659167	0.0
harcanan=3/3	0.03	9	0.0659167	0.0
hareketlendir=3/3	0.03	9	0.0659167	0.0
hatırla=3/4	0.03	9	0.0659167	0.0
hilmi=3/6	0.03	9	0.0659167	0.0
hollywood=3/3	0.03	9	0.0659167	0.0
imirzalıoğlu=3/4	0.03	9	0.0659167	0.0
itiraf=3/3	0.03	9	0.0659167	0.0
karadayı=3/5	0.03	9	0.0659167	0.0
keşfet=3/3	0.03	9	0.0659167	0.0
kutsal=3/3	0.03	9	0.0659167	0.0
kötülük=3/4	0.03	9	0.0659167	0.0
kıvanç=3/3	0.03	9	0.0659167	0.0
makyaj=3/4	0.03	9	0.0659167	0.0
manken=3/3	0.03	9	0.0659167	0.0
mekânda=3/3	0.03	9	0.0659167	0.0
melek=3/3	0.03	9	0.0659167	0.0
meraklandır=3/3	0.03	9	0.0659167	0.0
meğer=3/3	0.03	9	0.0659167	0.0
milyoner=3/3	0.03	9	0.0659167	0.0
okan=3/6	0.03	9	0.0659167	0.0
olama=6/6	0.06	3	0.0659167	0.0
olunca=3/3	0.03	9	0.0659167	0.0
ozan=3/3	0.03	9	0.0659167	0.0
pus=3/3	0.03	9	0.0659167	0.0
rahmetli=3/3	0.03	9	0.0659167	0.0
sayıl=3/3	0.03	9	0.0659167	0.0
secret=3/7	0.03	9	0.0659167	0.0
seksi=3/7	0.03	9	0.0659167	0.0
show=3/3	0.03	9	0.0659167	0.0
skyfall=3/4	0.03	9	0.0659167	0.0
songül=3/3	0.03	9	0.0659167	0.0
sorma=3/3	0.03	9	0.0659167	0.0
sıkma=3/3	0.03	9	0.0659167	0.0
to=3/3	0.03	9	0.0659167	0.0
topar=3/3	0.03	9	0.0659167	0.0
tutma=3/3	0.03	9	0.0659167	0.0
vakit=3/4	0.03	9	0.0659167	0.0
veda=6/16	0.06	3	0.0659167	0.0
yalan=3/3	0.03	9	0.0659167	0.0
yalnız=6/6	0.06	3	0.0659167	0.0
yayınlanan=6/6	0.06	3	0.0659167	0.0
yla=3/4	0.03	9	0.0659167	0.0
çalışarak=3/3	0.03	9	0.0659167	0.0
çalışmak=3/4	0.03	9	0.0659167	0.0
çekmek=3/5	0.03	9	0.0659167	0.0
çektirdik=3/3	0.03	9	0.0659167	0.0
çocukluk=3/5	0.03	9	0.0659167	0.0
özgür=6/9	0.06	3	0.0659167	0.0
öğret=3/3	0.03	9	0.0659167	0.0
üz=3/3	0.03	9	0.0659167	0.0
sezon=9/19	0.09	2	0.0623832	0.0
ameliyat=4/12	0.04	4	0.0554518	0.0
bildik=4/4	0.04	4	0.0554518	0.0
burak=4/11	0.04	4	0.0554518	0.0
canlandır=4/6	0.04	4	0.0554518	0.0
deneme=4/4	0.04	4	0.0554518	0.0
detay=4/7	0.04	4	0.0554518	0.0
gizli=4/6	0.04	4	0.0554518	0.0
götür=4/4	0.04	4	0.0554518	0.0
hayır=4/5	0.04	4	0.0554518	0.0
kanalı=4/4	0.04	4	0.0554518	0.0
kanser=4/4	0.04	4	0.0554518	0.0
laf=4/5	0.04	4	0.0554518	0.0
otur=4/5	0.04	4	0.0554518	0.0
rahatsız=4/5	0.04	4	0.0554518	0.0
san=4/4	0.04	4	0.0554518	0.0
senaryo=4/11	0.04	4	0.0554518	0.0
yarat=4/5	0.04	4	0.0554518	0.0
yaşama=4/8	0.04	4	0.0554518	0.0
yönetme=4/6	0.04	4	0.0554518	0.0
öğren=4/7	0.04	4	0.0554518	0.0
üstlendik=4/4	0.04	4	0.0554518	0.0
alışveriş=5/10	0.05	3	0.0549306	0.0
büyü=5/6	0.05	3	0.0549306	0.0
dedik=5/5	0.05	3	0.0549306	0.0
izleyen=5/7	0.05	3	0.0549306	0.0
konuk=5/5	0.05	3	0.0549306	0.0
peki=5/7	0.05	3	0.0549306	0.0
pos=5/5	0.05	3	0.0549306	0.0
söyleme=5/6	0.05	3	0.0549306	0.0
yazdık=5/5	0.05	3	0.0549306	0.0
müzik=7/23	0.07	2	0.0485203	0.0
sev=7/9	0.07	2	0.0485203	0.0
türlü=7/10	0.07	2	0.0485203	0.0
bozma=4/4	0.04	3	0.0439445	0.0
düşünce=4/5	0.04	3	0.0439445	0.0
eskişehir=4/5	0.04	3	0.0439445	0.0
evlat=4/4	0.04	3	0.0439445	0.0
görün=4/4	0.04	3	0.0439445	0.0
güven=4/4	0.04	3	0.0439445	0.0
hastalık=4/4	0.04	3	0.0439445	0.0
izleme=4/7	0.04	3	0.0439445	0.0
kahve=4/5	0.04	3	0.0439445	0.0
kamera=4/4	0.04	3	0.0439445	0.0
klasik=4/4	0.04	3	0.0439445	0.0
konser=4/9	0.04	3	0.0439445	0.0
oturma=4/4	0.04	3	0.0439445	0.0
oynadık=4/4	0.04	3	0.0439445	0.0
tıp=4/4	0.04	3	0.0439445	0.0
yayınla=4/4	0.04	3	0.0439445	0.0
akkaya=3/6	0.03	4	0.0415888	0.0
alabil=3/4	0.03	4	0.0415888	0.0
ark=3/10	0.03	4	0.0415888	0.0
açma=3/3	0.03	4	0.0415888	0.0
başlık=3/3	0.03	4	0.0415888	0.0
bilme=6/10	0.06	2	0.0415888	0.0
boş=3/5	0.03	4	0.0415888	0.0
bulabil=3/3	0.03	4	0.0415888	0.0
daki=6/7	0.06	2	0.0415888	0.0
dert=3/3	0.03	4	0.0415888	0.0
değ=3/3	0.03	4	0.0415888	0.0
diş=3/3	0.03	4	0.0415888	0.0
dost=3/3	0.03	4	0.0415888	0.0
es=3/3	0.03	4	0.0415888	0.0
gizem=3/3	0.03	4	0.0415888	0.0
hasta=3/4	0.03	4	0.0415888	0.0
hayran=3/5	0.03	4	0.0415888	0.0
heyecan=6/8	0.06	2	0.0415888	0.0
ilerleyen=3/4	0.03	4	0.0415888	0.0
izledik=3/4	0.03	4	0.0415888	0.0
izlenme=3/9	0.03	4	0.0415888	0.0
james=3/3	0.03	4	0.0415888	0.0
katılmak=3/4	0.03	4	0.0415888	0.0
kesinlik=3/3	0.03	4	0.0415888	0.0
keyifli=3/3	0.03	4	0.0415888	0.0
kostüm=3/4	0.03	4	0.0415888	0.0
meme=3/3	0.03	4	0.0415888	0.0
müzisyen=3/4	0.03	4	0.0415888	0.0
orhan=3/10	0.03	4	0.0415888	0.0
oynama=3/6	0.03	4	0.0415888	0.0
oynamak=3/3	0.03	4	0.0415888	0.0
oynayan=3/3	0.03	4	0.0415888	0.0
parmak=3/5	0.03	4	0.0415888	0.0
tanınma=3/4	0.03	4	0.0415888	0.0
ulaşmak=3/3	0.03	4	0.0415888	0.0
uçurum=3/5	0.03	4	0.0415888	0.0
uğur=3/4	0.03	4	0.0415888	0.0
vadi=3/4	0.03	4	0.0415888	0.0
york=6/8	0.06	2	0.0415888	0.0
yönettik=3/3	0.03	4	0.0415888	0.0
çabuk=3/3	0.03	4	0.0415888	0.0
üzül=3/3	0.03	4	0.0415888	0.0
bey=5/12	0.05	2	0.0346574	0.0
buluş=5/5	0.05	2	0.0346574	0.0
gül=5/10	0.05	2	0.0346574	0.0
ingiliz=5/5	0.05	2	0.0346574	0.0
isteme=5/7	0.05	2	0.0346574	0.0
mutlaka=5/5	0.05	2	0.0346574	0.0
sene=5/6	0.05	2	0.0346574	0.0
seyirci=5/5	0.05	2	0.0346574	0.0
ta=5/7	0.05	2	0.0346574	0.0
tanıt=5/5	0.05	2	0.0346574	0.0
tut=5/5	0.05	2	0.0346574	0.0
çekme=5/5	0.05	2	0.0346574	0.0
ağırla=3/3	0.03	3	0.0329584	0.0
bekleyen=3/4	0.03	3	0.0329584	0.0
cesaret=3/3	0.03	3	0.0329584	0.0
duygu=3/7	0.03	3	0.0329584	0.0
düzen=3/4	0.03	3	0.0329584	0.0
em=3/4	0.03	3	0.0329584	0.0
eğlence=3/4	0.03	3	0.0329584	0.0
gez=3/3	0.03	3	0.0329584	0.0
ibrahim=3/5	0.03	3	0.0329584	0.0
ikili=3/3	0.03	3	0.0329584	0.0
is=3/3	0.03	3	0.0329584	0.0
izle=3/4	0.03	3	0.0329584	0.0
kalp=3/3	0.03	3	0.0329584	0.0
karadeniz=3/6	0.03	3	0.0329584	0.0
kariyer=3/3	0.03	3	0.0329584	0.0
ker=3/3	0.03	3	0.0329584	0.0
kırmız=3/4	0.03	3	0.0329584	0.0
otel=3/6	0.03	3	0.0329584	0.0
prim=3/4	0.03	3	0.0329584	0.0
seçil=3/3	0.03	3	0.0329584	0.0
tanık=3/3	0.03	3	0.0329584	0.0
versiyon=3/3	0.03	3	0.0329584	0.0
yanıtla=3/4	0.03	3	0.0329584	0.0
yet=3/7	0.03	3	0.0329584	0.0
zirve=3/4	0.03	3	0.0329584	0.0
çiçek=3/3	0.03	3	0.0329584	0.0
özlem=3/3	0.03	3	0.0329584	0.0
asıl=4/5	0.04	2	0.0277259	0.0
barış=4/4	0.04	2	0.0277259	0.0
eleştiri=4/7	0.04	2	0.0277259	0.0
eşlik=4/4	0.04	2	0.0277259	0.0
kadro=4/4	0.04	2	0.0277259	0.0
kardeş=4/5	0.04	2	0.0277259	0.0
mutluluk=4/9	0.04	2	0.0277259	0.0
oyun=4/6	0.04	2	0.0277259	0.0
oğul=4/8	0.04	2	0.0277259	0.0
pay=4/9	0.04	2	0.0277259	0.0
siyah=4/5	0.04	2	0.0277259	0.0
tedavi=4/4	0.04	2	0.0277259	0.0
ışık=4/10	0.04	2	0.0277259	0.0
aklı=3/3	0.03	2	0.0207944	0.0
benze=3/3	0.03	2	0.0207944	0.0
bur=3/4	0.03	2	0.0207944	0.0
değerli=3/5	0.03	2	0.0207944	0.0
fakülte=3/3	0.03	2	0.0207944	0.0
getirdik=3/3	0.03	2	0.0207944	0.0
geçirdik=3/3	0.03	2	0.0207944	0.0
giden=3/3	0.03	2	0.0207944	0.0
hakan=3/3	0.03	2	0.0207944	0.0
hızlı=3/4	0.03	2	0.0207944	0.0
kilo=3/17	0.03	2	0.0207944	0.0
mesele=3/3	0.03	2	0.0207944	0.0
nisa=3/3	0.03	2	0.0207944	0.0
of=3/6	0.03	2	0.0207944	0.0
operasyon=3/3	0.03	2	0.0207944	0.0
sert=3/7	0.03	2	0.0207944	0.0
soğuk=3/4	0.03	2	0.0207944	0.0
teklif=3/5	0.03	2	0.0207944	0.0
yorum=3/10	0.03	2	0.0207944	0.0
yı=3/3	0.03	2	0.0207944	0.0
zafer=3/4	0.03	2	0.0207944	0.0
çizgi=3/3	0.03	2	0.0207944	0.0
üçüncü=3/6	0.03	2	0.0207944	0.0
ad=16/19	0.16	1	0	0.0
ada=14/22	0.14	1	0	0.0
adlı=7/7	0.07	1	0	0.0
aile=9/13	0.09	1	0	0.0
ait=3/4	0.03	1	0	0.0
akşam=18/19	0.18	1	0	0.0
al=27/34	0.27	1	0	0.0
alan=19/19	0.19	1	0	0.0
aldık=19/22	0.19	1	0	0.0
ali=5/10	0.05	1	0	0.0
alma=7/9	0.07	1	0	0.0
almak=6/6	0.06	1	0	0.0
alt=6/6	0.06	1	0	0.0
amacı=7/7	0.07	1	0	0.0
an=17/33	0.17	1	0	0.0
anlam=5/6	0.05	1	0	0.0
anlat=9/15	0.09	1	0	0.0
anne=11/23	0.11	1	0	0.0
ar=5/5	0.05	1	0	0.0
ara=22/43	0.22	1	0	0.0
arka=5/6	0.05	1	0	0.0
arkadaş=20/31	0.2	1	0	0.0
art=9/12	0.09	1	0	0.0
at=6/10	0.06	1	0	0.0
ay=17/30	0.17	1	0	0.0
ayak=6/6	0.06	1	0	0.0
ayn=11/18	0.11	1	0	0.0
aç=8/9	0.08	1	0	0.0
açı=5/5	0.05	1	0	0.0
açık=5/5	0.05	1	0	0.0
açıkla=7/7	0.07	1	0	0.0
açıklama=10/13	0.1	1	0	0.0
baba=11/19	0.11	1	0	0.0
bak=8/9	0.08	1	0	0.0
bas=7/10	0.07	1	0	0.0
baskı=4/6	0.04	1	0	0.0
baş=12/17	0.12	1	0	0.0
başarı=6/9	0.06	1	0	0.0
başarılı=9/10	0.09	1	0	0.0
başka=13/30	0.13	1	0	0.0
başla=14/30	0.14	1	0	0.0
başladık=4/4	0.04	1	0	0.0
be=11/11	0.11	1	0	0.0
bekle=4/6	0.04	1	0	0.0
belirt=3/4	0.03	1	0	0.0
belli=4/6	0.04	1	0	0.0
beyaz=3/3	0.03	1	0	0.0
bil=6/11	0.06	1	0	0.0
bilgi=3/3	0.03	1	0	0.0
biraz=8/16	0.08	1	0	0.0
birbiri=3/4	0.03	1	0	0.0
birinci=5/15	0.05	1	0	0.0
birlik=15/22	0.15	1	0	0.0
bit=6/10	0.06	1	0	0.0
boy=11/11	0.11	1	0	0.0
bugün=8/11	0.08	1	0	0.0
bul=9/12	0.09	1	0	0.0
bulunan=4/4	0.04	1	0	0.0
bulunduk=5/5	0.05	1	0	0.0
bura=3/4	0.03	1	0	0.0
bölüm=12/17	0.12	1	0	0.0
büyük=15/19	0.15	1	0	0.0
bırakma=3/3	0.03	1	0	0.0
can=10/13	0.1	1	0	0.0
canlı=4/9	0.04	1	0	0.0
cep=6/6	0.06	1	0	0.0
ciddi=3/3	0.03	1	0	0.0
dahil=3/3	0.03	1	0	0.0
dair=6/6	0.06	1	0	0.0
dakika=4/4	0.04	1	0	0.0
dan=6/8	0.06	1	0	0.0
dek=5/5	0.05	1	0	0.0
deniz=10/15	0.1	1	0	0.0
dergi=5/5	0.05	1	0	0.0
destek=4/6	0.04	1	0	0.0
deva=13/22	0.13	1	0	0.0
devlet=3/3	0.03	1	0	0.0
değiş=6/7	0.06	1	0	0.0
değişiklik=4/4	0.04	1	0	0.0
dikkat=12/13	0.12	1	0	0.0
dil=7/9	0.07	1	0	0.0
diyen=3/3	0.03	1	0	0.0
diyerek=3/3	0.03	1	0	0.0
doktor=6/13	0.06	1	0	0.0
doğal=3/3	0.03	1	0	0.0
doğru=8/10	0.08	1	0	0.0
doğu=3/3	0.03	1	0	0.0
duru=12/20	0.12	1	0	0.0
durum=3/3	0.03	1	0	0.0
dön=4/6	0.04	1	0	0.0
dönem=19/32	0.19	1	0	0.0
dönüş=3/3	0.03	1	0	0.0
dün=8/8	0.08	1	0	0.0
dünya=12/20	0.12	1	0	0.0
düş=10/11	0.1	1	0	0.0
düşün=7/12	0.07	1	0	0.0
dış=6/6	0.06	1	0	0.0
dışarı=4/4	0.04	1	0	0.0
ek=3/4	0.03	1	0	0.0
ekip=7/11	0.07	1	0	0.0
ekle=3/3	0.03	1	0	0.0
el=15/17	0.15	1	0	0.0
emir=3/5	0.03	1	0	0.0
er=10/10	0.1	1	0	0.0
erkek=7/14	0.07	1	0	0.0
eski=11/15	0.11	1	0	0.0
et=20/45	0.2	1	0	0.0
etki=9/10	0.09	1	0	0.0
etme=8/10	0.08	1	0	0.0
etmek=6/6	0.06	1	0	0.0
ettik=4/4	0.04	1	0	0.0
ev=18/40	0.18	1	0	0.0
eş=13/20	0.13	1	0	0.0
fark=8/9	0.08	1	0	0.0
farklı=12/26	0.12	1	0	0.0
fatih=5/17	0.05	1	0	0.0
faz=8/11	0.08	1	0	0.0
fikir=3/4	0.03	1	0	0.0
film=12/78	0.12	1	0	0.0
fotoğraf=19/24	0.19	1	0	0.0
gazeteci=3/3	0.03	1	0	0.0
gece=13/21	0.13	1	0	0.0
gel=26/53	0.26	1	0	0.0
geldik=3/4	0.03	1	0	0.0
gelen=14/18	0.14	1	0	0.0
geliş=5/5	0.05	1	0	0.0
gelme=3/3	0.03	1	0	0.0
genel=4/6	0.04	1	0	0.0
genç=10/18	0.1	1	0	0.0
gerek=10/12	0.1	1	0	0.0
gerektik=3/3	0.03	1	0	0.0
geri=4/4	0.04	1	0	0.0
gerçek=7/18	0.07	1	0	0.0
getir=9/12	0.09	1	0	0.0
geç=17/22	0.17	1	0	0.0
geçen=9/10	0.09	1	0	0.0
geçme=3/3	0.03	1	0	0.0
geçmiş=3/3	0.03	1	0	0.0
geçtik=21/23	0.21	1	0	0.0
gir=12/14	0.12	1	0	0.0
git=12/22	0.12	1	0	0.0
gittik=4/5	0.04	1	0	0.0
grup=3/5	0.03	1	0	0.0
gör=17/39	0.17	1	0	0.0
gördük=4/5	0.04	1	0	0.0
gören=6/7	0.06	1	0	0.0
görme=3/3	0.03	1	0	0.0
görüntü=5/6	0.05	1	0	0.0
göz=7/9	0.07	1	0	0.0
gün=35/59	0.35	1	0	0.0
gündem=8/11	0.08	1	0	0.0
güney=4/6	0.04	1	0	0.0
güneş=4/5	0.04	1	0	0.0
güzel=14/25	0.14	1	0	0.0
güç=8/10	0.08	1	0	0.0
güçlü=4/5	0.04	1	0	0.0
haber=11/21	0.11	1	0	0.0
haf=8/9	0.08	1	0	0.0
hafta=5/10	0.05	1	0	0.0
hak=12/13	0.12	1	0	0.0
hal=15/28	0.15	1	0	0.0
halk=4/5	0.04	1	0	0.0
hastane=5/8	0.05	1	0	0.0
hayal=7/7	0.07	1	0	0.0
hayat=24/44	0.24	1	0	0.0
hazırlan=3/3	0.03	1	0	0.0
hedef=4/4	0.04	1	0	0.0
hemen=4/6	0.04	1	0	0.0
iddia=7/15	0.07	1	0	0.0
ikinci=8/10	0.08	1	0	0.0
ileri=7/7	0.07	1	0	0.0
ilgi=5/7	0.05	1	0	0.0
ilginç=7/8	0.07	1	0	0.0
ilişki=18/28	0.18	1	0	0.0
ilk=16/24	0.16	1	0	0.0
in=22/29	0.22	1	0	0.0
inan=3/3	0.03	1	0	0.0
insan=16/45	0.16	1	0	0.0
internet=3/3	0.03	1	0	0.0
isim=6/8	0.06	1	0	0.0
isimli=3/4	0.03	1	0	0.0
istanbul=5/21	0.05	1	0	0.0
iste=17/28	0.17	1	0	0.0
istedik=9/10	0.09	1	0	0.0
isteyen=3/3	0.03	1	0	0.0
iyi=21/40	0.21	1	0	0.0
iz=3/4	0.03	1	0	0.0
iç=12/21	0.12	1	0	0.0
iş=20/41	0.2	1	0	0.0
kabul=3/6	0.03	1	0	0.0
kadı=11/31	0.11	1	0	0.0
kadın=6/11	0.06	1	0	0.0
kafa=4/5	0.04	1	0	0.0
kal=10/14	0.1	1	0	0.0
kalan=3/3	0.03	1	0	0.0
kaldık=3/3	0.03	1	0	0.0
kar=5/14	0.05	1	0	0.0
karar=9/10	0.09	1	0	0.0
karşı=10/17	0.1	1	0	0.0
kas=5/5	0.05	1	0	0.0
katıl=5/7	0.05	1	0	0.0
katılan=11/11	0.11	1	0	0.0
katıldık=3/3	0.03	1	0	0.0
kaybet=3/3	0.03	1	0	0.0
kayıt=3/4	0.03	1	0	0.0
kişi=12/19	0.12	1	0	0.0
kolay=9/12	0.09	1	0	0.0
konu=16/35	0.16	1	0	0.0
konuş=8/8	0.08	1	0	0.0
konuşan=5/5	0.05	1	0	0.0
koy=5/6	0.05	1	0	0.0
kur=3/3	0.03	1	0	0.0
kuzey=4/4	0.04	1	0	0.0
kötü=4/9	0.04	1	0	0.0
küçük=6/7	0.06	1	0	0.0
kıs=3/4	0.03	1	0	0.0
kız=20/31	0.2	1	0	0.0
la=9/18	0.09	1	0	0.0
lazım=3/3	0.03	1	0	0.0
masa=6/15	0.06	1	0	0.0
medya=7/8	0.07	1	0	0.0
mehmet=4/17	0.04	1	0	0.0
merak=6/10	0.06	1	0	0.0
mesaj=5/9	0.05	1	0	0.0
milyon=11/17	0.11	1	0	0.0
model=3/7	0.03	1	0	0.0
mutlu=19/33	0.19	1	0	0.0
mümkün=4/4	0.04	1	0	0.0
nda=6/9	0.06	1	0	0.0
nde=5/5	0.05	1	0	0.0
nere=4/5	0.04	1	0	0.0
new=6/8	0.06	1	0	0.0
nin=17/24	0.17	1	0	0.0
nokta=5/7	0.05	1	0	0.0
nun=9/11	0.09	1	0	0.0
nın=7/9	0.07	1	0	0.0
oda=3/8	0.03	1	0	0.0
okul=4/4	0.04	1	0	0.0
ol=24/40	0.24	1	0	0.0
olabil=8/9	0.08	1	0	0.0
olacak=4/4	0.04	1	0	0.0
olay=4/10	0.04	1	0	0.0
olduk=10/20	0.1	1	0	0.0
olma=15/28	0.15	1	0	0.0
olmadık=4/4	0.04	1	0	0.0
oluş=3/3	0.03	1	0	0.0
orta=11/11	0.11	1	0	0.0
ortak=7/7	0.07	1	0	0.0
oy=7/10	0.07	1	0	0.0
para=4/5	0.04	1	0	0.0
performans=4/5	0.04	1	0	0.0
plan=4/5	0.04	1	0	0.0
polis=4/5	0.04	1	0	0.0
program=20/35	0.2	1	0	0.0
proje=13/28	0.13	1	0	0.0
rekor=3/3	0.03	1	0	0.0
rol=23/43	0.23	1	0	0.0
saat=10/19	0.1	1	0	0.0
sabah=3/3	0.03	1	0	0.0
sahip=5/6	0.05	1	0	0.0
sahne=11/29	0.11	1	0	0.0
salon=7/9	0.07	1	0	0.0
saye=7/7	0.07	1	0	0.0
sayı=3/3	0.03	1	0	0.0
sağlık=4/4	0.04	1	0	0.0
sebep=5/8	0.05	1	0	0.0
ses=4/5	0.04	1	0	0.0
sokak=8/13	0.08	1	0	0.0
sonuç=3/4	0.03	1	0	0.0
sor=7/12	0.07	1	0	0.0
soru=14/23	0.14	1	0	0.0
sorun=3/3	0.03	1	0	0.0
sosyal=7/10	0.07	1	0	0.0
spor=4/8	0.04	1	0	0.0
sunduk=5/5	0.05	1	0	0.0
söyle=15/16	0.15	1	0	0.0
söyleyen=6/8	0.06	1	0	0.0
söz=12/13	0.12	1	0	0.0
sür=9/12	0.09	1	0	0.0
süre=4/4	0.04	1	0	0.0
sürekli=8/8	0.08	1	0	0.0
sürpriz=3/3	0.03	1	0	0.0
sıkıntı=3/4	0.03	1	0	0.0
sır=6/9	0.06	1	0	0.0
sıra=10/16	0.1	1	0	0.0
tabii=9/17	0.09	1	0	0.0
tak=3/6	0.03	1	0	0.0
takip=3/3	0.03	1	0	0.0
tamamen=3/3	0.03	1	0	0.0
tan=5/6	0.05	1	0	0.0
tanı=6/10	0.06	1	0	0.0
taraf=5/9	0.05	1	0	0.0
tarih=4/4	0.04	1	0	0.0
te=10/10	0.1	1	0	0.0
tek=11/14	0.11	1	0	0.0
teknik=3/5	0.03	1	0	0.0
tekrar=7/8	0.07	1	0	0.0
telefon=5/5	0.05	1	0	0.0
televizyon=9/18	0.09	1	0	0.0
tercih=8/9	0.08	1	0	0.0
teşekkür=5/5	0.05	1	0	0.0
tl=4/7	0.04	1	0	0.0
tür=3/3	0.03	1	0	0.0
türk=11/16	0.11	1	0	0.0
türkiye=14/25	0.14	1	0	0.0
ulaş=3/3	0.03	1	0	0.0
ulaşma=3/3	0.03	1	0	0.0
uz=11/17	0.11	1	0	0.0
ver=18/27	0.18	1	0	0.0
verdik=7/11	0.07	1	0	0.0
veren=8/8	0.08	1	0	0.0
veril=5/8	0.05	1	0	0.0
verme=8/13	0.08	1	0	0.0
vermek=5/5	0.05	1	0	0.0
yak=10/10	0.1	1	0	0.0
yan=8/10	0.08	1	0	0.0
yanıt=7/10	0.07	1	0	0.0
yap=18/60	0.18	1	0	0.0
yapan=8/8	0.08	1	0	0.0
yapma=17/25	0.17	1	0	0.0
yaptık=5/11	0.05	1	0	0.0
yapı=3/4	0.03	1	0	0.0
yapıl=4/4	0.04	1	0	0.0
yar=4/6	0.04	1	0	0.0
yay=8/10	0.08	1	0	0.0
yaz=9/10	0.09	1	0	0.0
yaş=16/32	0.16	1	0	0.0
yaşa=15/33	0.15	1	0	0.0
yaşadık=9/9	0.09	1	0	0.0
ye=22/43	0.22	1	0	0.0
yen=30/64	0.3	1	0	0.0
yeni=5/6	0.05	1	0	0.0
yer=11/21	0.11	1	0	0.0
yi=8/9	0.08	1	0	0.0
yok=18/45	0.18	1	0	0.0
yol=6/10	0.06	1	0	0.0
yoğ=5/6	0.05	1	0	0.0
yük=3/3	0.03	1	0	0.0
yıl=26/48	0.26	1	0	0.0
yıldız=8/11	0.08	1	0	0.0
yıllık=3/3	0.03	1	0	0.0
zaman=26/52	0.26	1	0	0.0
zor=9/13	0.09	1	0	0.0
çalış=21/33	0.21	1	0	0.0
çalışma=7/10	0.07	1	0	0.0
çalıştık=4/5	0.04	1	0	0.0
çek=19/30	0.19	1	0	0.0
çeken=3/3	0.03	1	0	0.0
çift=10/17	0.1	1	0	0.0
çocuk=12/14	0.12	1	0	0.0
çöz=3/3	0.03	1	0	0.0
çık=14/19	0.14	1	0	0.0
çıkan=8/11	0.08	1	0	0.0
çıkma=3/4	0.03	1	0	0.0
çıkış=3/3	0.03	1	0	0.0
ödül=4/8	0.04	1	0	0.0
önem=4/5	0.04	1	0	0.0
önemli=11/18	0.11	1	0	0.0
örnek=3/3	0.03	1	0	0.0
özel=9/13	0.09	1	0	0.0
özellik=6/8	0.06	1	0	0.0
öğrenci=4/4	0.04	1	0	0.0
ülke=10/17	0.1	1	0	0.0
ün=11/17	0.11	1	0	0.0
üniversite=3/10	0.03	1	0	0.0
ünlü=27/36	0.27	1	0	0.0
üzeri=23/27	0.23	1	0	0.0
ın=10/34	0.1	1	0	0.0
şehir=6/11	0.06	1	0	0.0
şekil=5/8	0.05	1	0	0.0
