akciğer	6 94 0 800 0.06802394763324311
akis	6 94 0 800 0.06802394763324311
aksatma	4 96 0 800 0.06802394763324311
aktivite	7 93 0 800 0.06802394763324311
akıl	3 97 0 800 0.06802394763324311
alama	4 96 0 800 0.06802394763324311
alet	4 96 0 800 0.06802394763324311
algınlık	7 93 0 800 0.06802394763324311
alkol	3 97 0 800 0.06802394763324311
alzheimer	3 97 0 800 0.06802394763324311
alım	4 96 0 800 0.06802394763324311
alınabil	4 96 0 800 0.06802394763324311
american	4 96 0 800 0.06802394763324311
anabilim	13 87 0 800 0.06802394763324311
anlaşıl	5 95 0 800 0.06802394763324311
antibiyotik	4 96 0 800 0.06802394763324311
artırmak	5 95 0 800 0.06802394763324311
association	4 96 0 800 0.06802394763324311
ayırt	3 97 0 800 0.06802394763324311
azaldık	4 96 0 800 0.06802394763324311
ağız	3 97 0 800 0.06802394763324311
aşırı	11 89 0 800 0.06802394763324311
bacak	5 95 0 800 0.06802394763324311
baki	4 96 0 800 0.06802394763324311
bakım	6 94 0 800 0.06802394763324311
bakırköy	4 96 0 800 0.06802394763324311
balgam	4 96 0 800 0.06802394763324311
balıkesir	3 97 0 800 0.06802394763324311
bar	3 97 0 800 0.06802394763324311
baskılayarak	3 97 0 800 0.06802394763324311
basıncı	3 97 0 800 0.06802394763324311
bağ	5 95 0 800 0.06802394763324311
bağır	4 96 0 800 0.06802394763324311
bağırsak	4 96 0 800 0.06802394763324311
bağış	8 92 0 800 0.06802394763324311
bağışlandık	4 96 0 800 0.06802394763324311
bağışlayan	3 97 0 800 0.06802394763324311
bağışıklık	3 97 0 800 0.06802394763324311
başhekim	3 97 0 800 0.06802394763324311
başhekimlik	3 97 0 800 0.06802394763324311
başlıca	4 96 0 800 0.06802394763324311
başvuran	4 96 0 800 0.06802394763324311
başvurulan	3 97 0 800 0.06802394763324311
belirlendik	4 96 0 800 0.06802394763324311
belirli	5 95 0 800 0.06802394763324311
belirti	12 88 0 800 0.06802394763324311
besin	4 96 0 800 0.06802394763324311
beslenme	10 90 0 800 0.06802394763324311
bez	5 95 0 800 0.06802394763324311
bilimsel	8 92 0 800 0.06802394763324311
bilinçli	4 96 0 800 0.06802394763324311
birey	4 96 0 800 0.06802394763324311
biyolojik	3 97 0 800 0.06802394763324311
boz	3 97 0 800 0.06802394763324311
bozukluk	12 88 0 800 0.06802394763324311
bozulma	4 96 0 800 0.06802394763324311
bulaş	3 97 0 800 0.06802394763324311
bulgu	3 97 0 800 0.06802394763324311
burun	4 96 0 800 0.06802394763324311
böbrek	11 89 0 800 0.06802394763324311
cerrah	3 97 0 800 0.06802394763324311
cha	3 97 0 800 0.06802394763324311
cilt	4 96 0 800 0.06802394763324311
cinsiyet	3 97 0 800 0.06802394763324311
dakikalık	3 97 0 800 0.06802394763324311
damar	11 89 0 800 0.06802394763324311
daralma	4 96 0 800 0.06802394763324311
dayanıklılık	3 97 0 800 0.06802394763324311
denilen	3 97 0 800 0.06802394763324311
depresyon	4 96 0 800 0.06802394763324311
deri	3 97 0 800 0.06802394763324311
devedikeninin	3 97 0 800 0.06802394763324311
değiştik	3 97 0 800 0.06802394763324311
diabetologia	3 97 0 800 0.06802394763324311
dikkatli	3 97 0 800 0.06802394763324311
direkt	4 96 0 800 0.06802394763324311
direnci	4 96 0 800 0.06802394763324311
direnç	3 97 0 800 0.06802394763324311
dirençli	4 96 0 800 0.06802394763324311
diyaliz	3 97 0 800 0.06802394763324311
diyet	3 97 0 800 0.06802394763324311
dok	7 93 0 800 0.06802394763324311
doku	4 96 0 800 0.06802394763324311
doğduk	3 97 0 800 0.06802394763324311
duyarlılık	3 97 0 800 0.06802394763324311
duş	3 97 0 800 0.06802394763324311
dönme	4 96 0 800 0.06802394763324311
dükkan	3 97 0 800 0.06802394763324311
düzenli	6 94 0 800 0.06802394763324311
düşmemek	3 97 0 800 0.06802394763324311
düşünen	3 97 0 800 0.06802394763324311
eczane	3 97 0 800 0.06802394763324311
edebilme	3 97 0 800 0.06802394763324311
edici	3 97 0 800 0.06802394763324311
edilerek	5 95 0 800 0.06802394763324311
edilmeli	3 97 0 800 0.06802394763324311
egzersiz	7 93 0 800 0.06802394763324311
ekici	3 97 0 800 0.06802394763324311
eklenebilecek	3 97 0 800 0.06802394763324311
eklenme	3 97 0 800 0.06802394763324311
empati	3 97 0 800 0.06802394763324311
engellemek	3 97 0 800 0.06802394763324311
engelleyen	3 97 0 800 0.06802394763324311
enginar	3 97 0 800 0.06802394763324311
erime	3 97 0 800 0.06802394763324311
erişkin	4 96 0 800 0.06802394763324311
estetik	4 96 0 800 0.06802394763324311
etkiledik	5 95 0 800 0.06802394763324311
faktör	10 90 0 800 0.06802394763324311
fay	3 97 0 800 0.06802394763324311
felç	4 96 0 800 0.06802394763324311
feridun	3 97 0 800 0.06802394763324311
fibrozis	3 97 0 800 0.06802394763324311
fizik	3 97 0 800 0.06802394763324311
fiziksel	3 97 0 800 0.06802394763324311
fırın	3 97 0 800 0.06802394763324311
gastroenteroloji	3 97 0 800 0.06802394763324311
gebe	3 97 0 800 0.06802394763324311
gecikme	5 95 0 800 0.06802394763324311
gelişim	5 95 0 800 0.06802394763324311
geliştirilen	4 96 0 800 0.06802394763324311
geliştirilme	4 96 0 800 0.06802394763324311
gen	3 97 0 800 0.06802394763324311
genellik	6 94 0 800 0.06802394763324311
gerektiren	5 95 0 800 0.06802394763324311
gerilik	4 96 0 800 0.06802394763324311
gerçekleştik	4 96 0 800 0.06802394763324311
geçebilmek	3 97 0 800 0.06802394763324311
geçiren	3 97 0 800 0.06802394763324311
geçirildik	4 96 0 800 0.06802394763324311
göğüs	11 89 0 800 0.06802394763324311
güçlendirmek	3 97 0 800 0.06802394763324311
halsizlik	3 97 0 800 0.06802394763324311
hamile	3 97 0 800 0.06802394763324311
hareketsiz	5 95 0 800 0.06802394763324311
hareketsizlik	4 96 0 800 0.06802394763324311
havalandır	3 97 0 800 0.06802394763324311
havuz	3 97 0 800 0.06802394763324311
heart	4 96 0 800 0.06802394763324311
hekimlik	4 96 0 800 0.06802394763324311
hepatit	4 96 0 800 0.06802394763324311
hepato	3 97 0 800 0.06802394763324311
hücre	8 92 0 800 0.06802394763324311
hükümetine	4 96 0 800 0.06802394763324311
hırıltı	3 97 0 800 0.06802394763324311
ileriki	3 97 0 800 0.06802394763324311
ilişkili	3 97 0 800 0.06802394763324311
ilköğretim	3 97 0 800 0.06802394763324311
iltihap	3 97 0 800 0.06802394763324311
incele	4 96 0 800 0.06802394763324311
indirebil	3 97 0 800 0.06802394763324311
inme	3 97 0 800 0.06802394763324311
iten	3 97 0 800 0.06802394763324311
iyileştiril	4 96 0 800 0.06802394763324311
içecek	3 97 0 800 0.06802394763324311
içilen	4 96 0 800 0.06802394763324311
içme	8 92 0 800 0.06802394763324311
iğne	3 97 0 800 0.06802394763324311
kabiliyet	3 97 0 800 0.06802394763324311
kadavra	7 93 0 800 0.06802394763324311
kahvaltı	3 97 0 800 0.06802394763324311
kaldırama	3 97 0 800 0.06802394763324311
kalça	3 97 0 800 0.06802394763324311
kanama	3 97 0 800 0.06802394763324311
karaciğer	14 86 0 800 0.06802394763324311
karın	4 96 0 800 0.06802394763324311
karşılanma	4 96 0 800 0.06802394763324311
karşılaştık	5 95 0 800 0.06802394763324311
kasap	3 97 0 800 0.06802394763324311
kaybeden	3 97 0 800 0.06802394763324311
kaybetme	3 97 0 800 0.06802394763324311
kayser	3 97 0 800 0.06802394763324311
kaçınma	4 96 0 800 0.06802394763324311
kemik	10 90 0 800 0.06802394763324311
kistik	3 97 0 800 0.06802394763324311
kit	3 97 0 800 0.06802394763324311
klinik	4 96 0 800 0.06802394763324311
kocaeli	3 97 0 800 0.06802394763324311
kolesterol	3 97 0 800 0.06802394763324311
komplikasyon	3 97 0 800 0.06802394763324311
kongresi	4 96 0 800 0.06802394763324311
konma	3 97 0 800 0.06802394763324311
konulma	5 95 0 800 0.06802394763324311
koordinatör	5 95 0 800 0.06802394763324311
koyarak	3 97 0 800 0.06802394763324311
kriter	3 97 0 800 0.06802394763324311
kronik	3 97 0 800 0.06802394763324311
ktü	3 97 0 800 0.06802394763324311
kullanmayan	3 97 0 800 0.06802394763324311
kullanılabil	3 97 0 800 0.06802394763324311
kullanılarak	5 95 0 800 0.06802394763324311
kullanılmak	3 97 0 800 0.06802394763324311
kurtulma	3 97 0 800 0.06802394763324311
kurtulmak	5 95 0 800 0.06802394763324311
kuyruk	4 96 0 800 0.06802394763324311
kütahya	3 97 0 800 0.06802394763324311
kütle	3 97 0 800 0.06802394763324311
kırık	3 97 0 800 0.06802394763324311
kıyas	3 97 0 800 0.06802394763324311
laboratuvar	4 96 0 800 0.06802394763324311
leicester	3 97 0 800 0.06802394763324311
loughborough	3 97 0 800 0.06802394763324311
lösemi	3 97 0 800 0.06802394763324311
mahal	3 97 0 800 0.06802394763324311
manuel	3 97 0 800 0.06802394763324311
medicine	5 95 0 800 0.06802394763324311
mesela	4 96 0 800 0.06802394763324311
mevsim	7 93 0 800 0.06802394763324311
meşrubat	3 97 0 800 0.06802394763324311
mide	3 97 0 800 0.06802394763324311
mikrop	4 96 0 800 0.06802394763324311
mount	3 97 0 800 0.06802394763324311
muayene	5 95 0 800 0.06802394763324311
muhammet	3 97 0 800 0.06802394763324311
müjde	4 96 0 800 0.06802394763324311
nakil	11 89 0 800 0.06802394763324311
national	4 96 0 800 0.06802394763324311
nedensiz	4 96 0 800 0.06802394763324311
obezite	11 89 0 800 0.06802394763324311
okulu	4 96 0 800 0.06802394763324311
olasılık	4 96 0 800 0.06802394763324311
oluşma	5 95 0 800 0.06802394763324311
organ	12 88 0 800 0.06802394763324311
oturmak	3 97 0 800 0.06802394763324311
oturmayan	3 97 0 800 0.06802394763324311
pamukkale	5 95 0 800 0.06802394763324311
pankreas	5 95 0 800 0.06802394763324311
parkinson	3 97 0 800 0.06802394763324311
parkinsonun	3 97 0 800 0.06802394763324311
paü	4 96 0 800 0.06802394763324311
protein	3 97 0 800 0.06802394763324311
psikiyatri	3 97 0 800 0.06802394763324311
psikoloji	6 94 0 800 0.06802394763324311
rahatsızlık	13 87 0 800 0.06802394763324311
rahim	5 95 0 800 0.06802394763324311
rehabilitasyon	4 96 0 800 0.06802394763324311
rektör	3 97 0 800 0.06802394763324311
riskli	3 97 0 800 0.06802394763324311
ruhsal	4 96 0 800 0.06802394763324311
rutin	4 96 0 800 0.06802394763324311
rıza	4 96 0 800 0.06802394763324311
safha	4 96 0 800 0.06802394763324311
sakarya	3 97 0 800 0.06802394763324311
salgı	3 97 0 800 0.06802394763324311
sap	4 96 0 800 0.06802394763324311
saptandık	3 97 0 800 0.06802394763324311
sağladık	6 94 0 800 0.06802394763324311
sağlıklı	17 83 0 800 0.06802394763324311
sağlıksız	3 97 0 800 0.06802394763324311
sebze	8 92 0 800 0.06802394763324311
sendrom	8 92 0 800 0.06802394763324311
seyir	4 96 0 800 0.06802394763324311
sindirim	4 96 0 800 0.06802394763324311
soğuyan	3 97 0 800 0.06802394763324311
stres	6 94 0 800 0.06802394763324311
sunmak	3 97 0 800 0.06802394763324311
sözleşmeli	3 97 0 800 0.06802394763324311
sürdürme	4 96 0 800 0.06802394763324311
süreli	3 97 0 800 0.06802394763324311
sıklık	3 97 0 800 0.06802394763324311
sıkça	5 95 0 800 0.06802394763324311
sıkıl	4 96 0 800 0.06802394763324311
sınıflandırma	3 97 0 800 0.06802394763324311
sırala	5 95 0 800 0.06802394763324311
taburcu	4 96 0 800 0.06802394763324311
taktir	3 97 0 800 0.06802394763324311
takılan	5 95 0 800 0.06802394763324311
tansiyon	5 95 0 800 0.06802394763324311
tanım	4 96 0 800 0.06802394763324311
tanımlan	5 95 0 800 0.06802394763324311
taze	4 96 0 800 0.06802394763324311
taşıdık	5 95 0 800 0.06802394763324311
temas	5 95 0 800 0.06802394763324311
terlememe	3 97 0 800 0.06802394763324311
tetikleyen	3 97 0 800 0.06802394763324311
tetkik	3 97 0 800 0.06802394763324311
tokalaşma	3 97 0 800 0.06802394763324311
tokat	3 97 0 800 0.06802394763324311
tuncay	5 95 0 800 0.06802394763324311
tuz	3 97 0 800 0.06802394763324311
tuzlu	3 97 0 800 0.06802394763324311
tüketme	3 97 0 800 0.06802394763324311
tüp	4 96 0 800 0.06802394763324311
tıbbi	6 94 0 800 0.06802394763324311
tıkanma	3 97 0 800 0.06802394763324311
tırnak	3 97 0 800 0.06802394763324311
ultrason	3 97 0 800 0.06802394763324311
unutkanlık	3 97 0 800 0.06802394763324311
uygulanan	6 94 0 800 0.06802394763324311
uygulanma	3 97 0 800 0.06802394763324311
uzama	3 97 0 800 0.06802394763324311
uşak	3 97 0 800 0.06802394763324311
varis	3 97 0 800 0.06802394763324311
verebil	4 96 0 800 0.06802394763324311
vitamin	3 97 0 800 0.06802394763324311
yakalanma	5 95 0 800 0.06802394763324311
yalova	3 97 0 800 0.06802394763324311
yaptırdık	4 96 0 800 0.06802394763324311
yapılmadık	3 97 0 800 0.06802394763324311
yaralanma	5 95 0 800 0.06802394763324311
yararlı	7 93 0 800 0.06802394763324311
yavuz	3 97 0 800 0.06802394763324311
yağlı	3 97 0 800 0.06802394763324311
yaşlılık	3 97 0 800 0.06802394763324311
yeme	7 93 0 800 0.06802394763324311
yenidoğan	3 97 0 800 0.06802394763324311
yetersiz	4 96 0 800 0.06802394763324311
yetersizlik	4 96 0 800 0.06802394763324311
yetişkin	4 96 0 800 0.06802394763324311
yetmezlik	6 94 0 800 0.06802394763324311
yorgunluk	4 96 0 800 0.06802394763324311
yumurta	3 97 0 800 0.06802394763324311
yumurtalık	3 97 0 800 0.06802394763324311
yürütülen	3 97 0 800 0.06802394763324311
yıka	3 97 0 800 0.06802394763324311
zahmetli	3 97 0 800 0.06802394763324311
zar	3 97 0 800 0.06802394763324311
zayıflama	4 96 0 800 0.06802394763324311
zayıflanacak	3 97 0 800 0.06802394763324311
çare	4 96 0 800 0.06802394763324311
çeşit	3 97 0 800 0.06802394763324311
çikolata	3 97 0 800 0.06802394763324311
çıkarmak	5 95 0 800 0.06802394763324311
öncelikli	3 97 0 800 0.06802394763324311
öner	5 95 0 800 0.06802394763324311
öpüşme	3 97 0 800 0.06802394763324311
örgütü	5 95 0 800 0.06802394763324311
özkan	6 94 0 800 0.06802394763324311
öğle	3 97 0 800 0.06802394763324311
öğün	5 95 0 800 0.06802394763324311
ülkü	3 97 0 800 0.06802394763324311
üretilen	4 96 0 800 0.06802394763324311
üşümemeye	3 97 0 800 0.06802394763324311
ılık	4 96 0 800 0.06802394763324311
ınstitute	4 96 0 800 0.06802394763324311
ırk	3 97 0 800 0.06802394763324311
ısınıp	3 97 0 800 0.06802394763324311
şans	3 97 0 800 0.06802394763324311
şaşırtan	3 97 0 800 0.06802394763324311
şekerli	4 96 0 800 0.06802394763324311
şiddetli	3 97 0 800 0.06802394763324311
şifa	3 97 0 800 0.06802394763324311
şişmanlık	3 97 0 800 0.06802394763324311
bol	9 91 0 800 0.0680239476332431
cerrahi	18 82 0 800 0.0680239476332431
diyabet	9 91 0 800 0.0680239476332431
enfeksiyon	9 91 0 800 0.0680239476332431
genetik	9 91 0 800 0.0680239476332431
tem	9 91 0 800 0.0680239476332431
teşhis	9 91 0 800 0.0680239476332431
hasta	43 57 3 797 0.06358760322237943
hastalık	48 52 7 793 0.05936635429810307
ilaç	15 85 3 797 0.05668662302770259
ameliyat	17 83 4 796 0.05506700522691109
olumsuz	20 80 5 795 0.054419158106594485
problem	14 86 4 796 0.052907514825855755
sık	14 86 4 796 0.052907514825855755
tedavi	41 59 13 787 0.0516478120919068
görülme	9 91 3 797 0.05101796072493233
hekim	9 91 3 797 0.05101796072493233
dr	59 41 20 780 0.050802695067865104
dal	26 74 9 791 0.05053207538469488
prof	37 63 13 787 0.0503377212485999
kanser	11 89 4 796 0.049884228264378286
yaygı	11 89 4 796 0.049884228264378286
tıp	35 65 13 787 0.04960079514923976
doç	8 92 3 797 0.0494719619150859
süt	8 92 3 797 0.0494719619150859
toplum	8 92 3 797 0.0494719619150859
yağ	8 92 3 797 0.0494719619150859
kalp	26 74 10 790 0.04912840662400891
sigar	10 90 4 796 0.04858853402374508
alışkanlık	7 93 3 797 0.04761676334327018
davranış	7 93 3 797 0.04761676334327018
araştırmacı	9 91 4 796 0.04709350220762984
vaka	9 91 4 796 0.04709350220762984
olabilecek	11 89 5 795 0.04676646399785464
öğreti	15 85 7 793 0.04637996429539303
akraba	6 94 3 797 0.04534929842216207
and	6 94 3 797 0.04534929842216207
bebek	10 90 5 795 0.04534929842216207
gönüllü	6 94 3 797 0.04534929842216207
kaliteli	6 94 3 797 0.04534929842216207
meme	6 94 3 797 0.04534929842216207
sol	6 94 3 797 0.04534929842216207
şeker	6 94 3 797 0.04534929842216207
yürüyüş	9 91 5 795 0.043729680621370566
azalma	7 93 4 796 0.04328796667570017
fakülte	21 79 12 788 0.04328796667570016
risk	21 79 12 788 0.04328796667570016
artır	5 95 3 797 0.04251496727077694
azaltılma	5 95 3 797 0.04251496727077694
hariç	5 95 3 797 0.04251496727077694
karış	5 95 3 797 0.04251496727077694
koruyucu	5 95 3 797 0.04251496727077694
tavsiye	5 95 3 797 0.04251496727077694
önleme	5 95 3 797 0.04251496727077694
ağrı	11 89 7 793 0.04157019022031524
normal	17 83 11 789 0.04130025392018332
bekleme	6 94 4 796 0.040814368579945866
geçirme	6 94 4 796 0.040814368579945866
has	18 82 12 788 0.040814368579945866
üniversitesi	6 94 4 796 0.040814368579945866
vücut	19 81 13 787 0.040389218907238095
artırdık	7 93 5 795 0.039680636119391814
ortam	7 93 5 795 0.039680636119391814
yatak	11 89 8 792 0.03938228547187759
uzman	28 72 21 779 0.03887082721899607
acar	4 96 3 797 0.03887082721899606
bakı	4 96 3 797 0.03887082721899606
balık	4 96 3 797 0.03887082721899606
bitir	4 96 3 797 0.03887082721899606
görüldük	4 96 3 797 0.03887082721899606
günlük	8 92 6 794 0.03887082721899606
kapak	4 96 3 797 0.03887082721899606
kök	4 96 3 797 0.03887082721899606
maalesef	8 92 6 794 0.03887082721899606
oluşturma	4 96 3 797 0.03887082721899606
parmak	4 96 3 797 0.03887082721899606
polat	4 96 3 797 0.03887082721899606
sürece	4 96 3 797 0.03887082721899606
vermedik	4 96 3 797 0.03887082721899606
yardım	8 92 6 794 0.03887082721899606
yürüten	4 96 3 797 0.03887082721899606
çoklu	4 96 3 797 0.03887082721899606
ısınma	4 96 3 797 0.03887082721899606
bilinen	13 87 10 790 0.038448318227485234
eksiklik	5 95 4 796 0.0377910820184684
süresi	15 85 12 788 0.0377910820184684
yemek	15 85 12 788 0.0377910820184684
zararlı	6 94 5 795 0.03710397143631442
mutlaka	13 87 11 789 0.036846304968006685
açtık	7 93 6 794 0.03662827949482322
geliştirdik	7 93 6 794 0.03662827949482322
yöntem	23 77 20 780 0.03638490222243236
doğan	9 91 8 792 0.03601267815877576
oluştuk	9 91 8 792 0.03601267815877576
edilme	11 89 10 790 0.03563159161741306
ölüm	11 89 10 790 0.03563159161741306
kan	13 87 12 788 0.03537245276928642
üniversite	45 55 42 758 0.03518480049995334
aktif	3 97 3 797 0.034011973816621556
anlatmak	3 97 3 797 0.034011973816621556
açıldık	3 97 3 797 0.034011973816621556
bardak	3 97 3 797 0.034011973816621556
bay	3 97 3 797 0.034011973816621556
belirlenme	3 97 3 797 0.034011973816621556
beyin	3 97 3 797 0.034011973816621556
birikim	3 97 3 797 0.034011973816621556
bitme	3 97 3 797 0.034011973816621556
bulabil	3 97 3 797 0.034011973816621556
büyüklük	5 95 5 795 0.034011973816621556
davranma	4 96 4 796 0.034011973816621556
denizli	3 97 3 797 0.034011973816621556
dilek	3 97 3 797 0.034011973816621556
engel	5 95 5 795 0.034011973816621556
esna	3 97 3 797 0.034011973816621556
ettirme	3 97 3 797 0.034011973816621556
gelebilecek	4 96 4 796 0.034011973816621556
gelişmek	3 97 3 797 0.034011973816621556
gelmek	4 96 4 796 0.034011973816621556
giderek	11 89 11 789 0.034011973816621556
gönderme	3 97 3 797 0.034011973816621556
kaldırdık	3 97 3 797 0.034011973816621556
kalmak	3 97 3 797 0.034011973816621556
kesil	3 97 3 797 0.034011973816621556
kesilen	3 97 3 797 0.034011973816621556
kilo	14 86 14 786 0.034011973816621556
koşul	5 95 5 795 0.034011973816621556
mersi	3 97 3 797 0.034011973816621556
meyve	7 93 7 793 0.034011973816621556
nefes	3 97 3 797 0.034011973816621556
olgu	3 97 3 797 0.034011973816621556
onay	3 97 3 797 0.034011973816621556
psikolojik	3 97 3 797 0.034011973816621556
ramazan	3 97 3 797 0.034011973816621556
sivas	4 96 4 796 0.034011973816621556
sınıf	5 95 5 795 0.034011973816621556
takdir	4 96 4 796 0.034011973816621556
tamamlan	3 97 3 797 0.034011973816621556
tarama	5 95 5 795 0.034011973816621556
toplumsal	4 96 4 796 0.034011973816621556
ulaşama	3 97 3 797 0.034011973816621556
uyku	3 97 3 797 0.034011973816621556
veli	3 97 3 797 0.034011973816621556
verici	7 93 7 793 0.034011973816621556
vural	3 97 3 797 0.034011973816621556
yalçın	3 97 3 797 0.034011973816621556
yarama	3 97 3 797 0.034011973816621556
yayımlanan	4 96 4 796 0.034011973816621556
yeşil	3 97 3 797 0.034011973816621556
öldürme	4 96 4 796 0.034011973816621556
ömür	3 97 3 797 0.034011973816621556
öncü	3 97 3 797 0.034011973816621556
öngörül	3 97 3 797 0.034011973816621556
öztürk	3 97 3 797 0.034011973816621556
sağlık	46 54 51 749 0.03225877928999158
hastane	26 74 29 771 0.032156775244805834
miktar	8 92 9 791 0.03201126947446735
ilave	6 94 7 793 0.031395668138419895
bekleyen	5 95 6 794 0.030919976196928687
dördüncü	5 95 6 794 0.030919976196928687
hasar	5 95 6 794 0.030919976196928687
karadeniz	5 95 6 794 0.030919976196928687
vurgulayarak	5 95 6 794 0.030919976196928687
yara	5 95 6 794 0.030919976196928687
bey	13 87 16 784 0.03049349376662622
baz	4 96 5 795 0.030232865614774715
korunma	4 96 5 795 0.030232865614774715
maddi	4 96 5 795 0.030232865614774715
merkezi	4 96 5 795 0.030232865614774715
renk	4 96 5 795 0.030232865614774715
soğuk	8 92 10 790 0.030232865614774715
çağ	8 92 10 790 0.030232865614774715
dergi	11 89 14 786 0.02993053695862697
doktor	18 82 23 777 0.029864172131667706
aktaran	3 97 4 796 0.029153120414247048
alternatif	3 97 4 796 0.029153120414247048
ağırlık	6 94 8 792 0.029153120414247048
bakma	3 97 4 796 0.029153120414247048
ciddiyet	3 97 4 796 0.029153120414247048
idari	3 97 4 796 0.029153120414247048
ilhan	3 97 4 796 0.029153120414247048
koordinasyon	3 97 4 796 0.029153120414247048
oturan	3 97 4 796 0.029153120414247048
edebil	8 92 11 789 0.02864166216136552
öneri	8 92 11 789 0.02864166216136552
şikayet	8 92 11 789 0.02864166216136552
bili	21 79 29 771 0.028570058005962108
sebep	18 82 25 775 0.028475140869729673
din	5 95 7 793 0.028343311513851294
hasa	5 95 7 793 0.028343311513851294
korku	5 95 7 793 0.028343311513851294
tüketim	5 95 7 793 0.028343311513851294
çekerek	5 95 7 793 0.028343311513851294
ölçü	5 95 7 793 0.028343311513851294
vurgula	18 82 26 774 0.027827978577235814
yanlış	9 91 13 787 0.027827978577235814
düzenlenme	4 96 6 794 0.027209579053297246
güçlük	4 96 6 794 0.027209579053297246
hayvan	4 96 6 794 0.027209579053297246
çekil	4 96 6 794 0.027209579053297246
ürettik	4 96 6 794 0.027209579053297246
aş	6 94 9 791 0.027209579053297243
mümkün	18 82 27 773 0.027209579053297243
yaşandık	6 94 9 791 0.027209579053297243
kullanılma	7 93 11 789 0.026453757412927877
modern	7 93 11 789 0.026453757412927877
anlatan	19 81 30 770 0.026376632755747326
arttığını	5 95 8 792 0.02616305678201658
yeterli	13 87 21 779 0.02600915644800472
duvar	6 94 10 790 0.025508980362466165
geçerek	3 97 5 795 0.025508980362466165
muhabir	18 82 30 770 0.025508980362466165
öykü	3 97 5 795 0.025508980362466165
ulusal	13 87 22 778 0.02526603769234744
kadın	14 86 24 776 0.02506145439119483
bilin	4 96 7 793 0.02473598095754295
ince	4 96 7 793 0.02473598095754295
kalite	4 96 7 793 0.02473598095754295
kayıp	8 92 14 786 0.02473598095754295
kol	4 96 7 793 0.02473598095754295
kullanıldık	4 96 7 793 0.02473598095754295
yapama	4 96 7 793 0.02473598095754295
anne	15 85 27 773 0.02429426701187254
oturma	5 95 9 791 0.02429426701187254
seçenek	6 94 11 789 0.02400845210585051
vurgulayan	19 81 35 765 0.02393435194502998
bildiren	7 93 13 787 0.02380838167163509
işaret	21 79 39 761 0.023808381671635088
ortalama	8 92 15 785 0.0236605035246063
sıcak	8 92 15 785 0.0236605035246063
görülen	13 87 25 775 0.023271350506109484
ab	4 96 8 792 0.022674649211081036
asıl	5 95 10 790 0.022674649211081036
başlayacak	3 97 6 794 0.022674649211081036
cinsel	5 95 10 790 0.022674649211081036
dernek	12 88 24 776 0.022674649211081036
düzen	3 97 6 794 0.022674649211081036
elazığ	3 97 6 794 0.022674649211081036
evlilik	6 94 12 788 0.022674649211081036
eğilim	3 97 6 794 0.022674649211081036
heyet	4 96 8 792 0.022674649211081036
izleme	4 96 8 792 0.022674649211081036
izlemek	3 97 6 794 0.022674649211081036
konya	4 96 8 792 0.022674649211081036
koyduk	3 97 6 794 0.022674649211081036
maliyet	4 96 8 792 0.022674649211081036
murat	3 97 6 794 0.022674649211081036
osman	3 97 6 794 0.022674649211081036
personel	5 95 10 790 0.022674649211081036
sekreter	3 97 6 794 0.022674649211081036
ter	4 96 8 792 0.022674649211081036
tutulma	3 97 6 794 0.022674649211081036
virüs	3 97 6 794 0.022674649211081036
çizen	3 97 6 794 0.022674649211081036
özdemir	3 97 6 794 0.022674649211081036
şansı	6 94 12 788 0.022674649211081036
bağlı	16 84 33 767 0.02221190126799775
olabil	24 76 50 750 0.02206182085402479
bakanlığı	10 90 21 779 0.02194320891394939
tespit	15 85 32 768 0.0217097705212478
acil	6 94 13 787 0.02148124662102414
test	6 94 13 787 0.02148124662102414
aile	21 79 46 754 0.021320938810419483
tür	15 85 33 767 0.02125748363538847
araştırma	28 72 62 738 0.021163005930342302
aşama	4 96 9 791 0.020930445425613266
derece	8 92 18 782 0.020930445425613266
rahat	4 96 9 791 0.020930445425613266
geliş	11 89 25 775 0.02078509511015762
kat	11 89 25 775 0.02078509511015762
altyapı	7 93 16 784 0.020702940584030514
doğal	7 93 16 784 0.020702940584030514
coğrafya	3 97 7 793 0.020407184289972933
dolu	3 97 7 793 0.020407184289972933
edeme	3 97 7 793 0.020407184289972933
eskişehir	3 97 7 793 0.020407184289972933
fazla	3 97 7 793 0.020407184289972933
getirerek	3 97 7 793 0.020407184289972933
hatırlat	3 97 7 793 0.020407184289972933
itibar	3 97 7 793 0.020407184289972933
kahve	3 97 7 793 0.020407184289972933
kavram	3 97 7 793 0.020407184289972933
koltuk	3 97 7 793 0.020407184289972933
kırmız	3 97 7 793 0.020407184289972933
of	6 94 14 786 0.020407184289972933
saç	3 97 7 793 0.020407184289972933
söylüyor	3 97 7 793 0.020407184289972933
yapılma	12 88 28 772 0.020407184289972933
çoğunluk	6 94 14 786 0.020407184289972933
güve	5 95 12 788 0.02000704342154209
içerik	5 95 12 788 0.02000704342154209
izmir	7 93 17 783 0.019840318059695907
parça	7 93 17 783 0.019840318059695907
çıktık	7 93 17 783 0.019840318059695907
çeken	18 82 44 756 0.01974888802255445
sıkıntı	11 89 27 773 0.019691142735938794
alındık	8 92 20 780 0.01943541360949803
canlı	8 92 20 780 0.01943541360949803
civar	6 94 15 785 0.01943541360949803
faruk	4 96 10 790 0.01943541360949803
gerektik	24 76 60 740 0.01943541360949803
gıda	4 96 10 790 0.01943541360949803
yaparak	6 94 15 785 0.01943541360949803
çocuk	30 70 76 724 0.019252060650917863
kısım	9 91 23 777 0.019131735271849623
başladık	15 85 39 761 0.0188955410092342
başlama	5 95 13 787 0.0188955410092342
cihan	5 95 13 787 0.0188955410092342
ışık	5 95 13 787 0.0188955410092342
üye	21 79 55 745 0.018796090793396125
tamamen	8 92 21 779 0.018765226933308444
küçük	11 89 29 771 0.018706585599141855
alınarak	3 97 8 792 0.01855198571815721
başar	3 97 8 792 0.01855198571815721
başlan	3 97 8 792 0.01855198571815721
bozma	3 97 8 792 0.01855198571815721
endişe	3 97 8 792 0.01855198571815721
hatırlatan	3 97 8 792 0.01855198571815721
ispanya	3 97 8 792 0.01855198571815721
kalk	3 97 8 792 0.01855198571815721
kullanıl	6 94 16 784 0.01855198571815721
kural	3 97 8 792 0.01855198571815721
tane	3 97 8 792 0.01855198571815721
tanı	6 94 16 784 0.01855198571815721
taşıyan	3 97 8 792 0.01855198571815721
önem	12 88 32 768 0.01855198571815721
ayrılan	4 96 11 789 0.01813971936886483
ağ	4 96 11 789 0.01813971936886483
bur	4 96 11 789 0.01813971936886483
kaybettik	4 96 11 789 0.01813971936886483
profesyonel	4 96 11 789 0.01813971936886483
sağlan	4 96 11 789 0.01813971936886483
tip	4 96 11 789 0.01813971936886483
uç	4 96 11 789 0.01813971936886483
yakın	4 96 11 789 0.01813971936886483
ölü	16 84 44 756 0.01813971936886483
etki	19 81 53 747 0.017950763958772487
antalya	5 95 14 786 0.01790103885085345
dedik	5 95 14 786 0.01790103885085345
giden	5 95 14 786 0.01790103885085345
faz	36 64 101 699 0.017874905947421544
açı	12 88 34 766 0.017745377643454723
şart	6 94 17 783 0.017745377643454723
adam	7 93 20 780 0.01763583827528525
düşük	7 93 20 780 0.01763583827528525
bildir	17 83 49 751 0.017521319844926258
edildik	9 91 26 774 0.017491872248548226
er	11 89 32 768 0.01740147497594591
seviye	11 89 32 768 0.01740147497594591
sorun	14 86 41 759 0.017315186670280064
alıp	4 96 12 788 0.017005986908310778
artan	4 96 12 788 0.017005986908310778
belirlen	6 94 18 782 0.017005986908310778
benze	5 95 15 785 0.017005986908310778
biçim	3 97 9 791 0.017005986908310778
ders	4 96 12 788 0.017005986908310778
etap	3 97 9 791 0.017005986908310778
gelecek	16 84 48 752 0.017005986908310778
getiren	14 86 42 758 0.017005986908310778
geçirdik	3 97 9 791 0.017005986908310778
gösteren	6 94 18 782 0.017005986908310778
ihtimal	4 96 12 788 0.017005986908310778
kullanan	6 94 18 782 0.017005986908310778
olmama	3 97 9 791 0.017005986908310778
oluşturduk	3 97 9 791 0.017005986908310778
yapılacak	3 97 9 791 0.017005986908310778
yaşam	7 93 21 779 0.017005986908310778
kullanım	9 91 27 773 0.017005986908310775
anlat	18 82 55 745 0.016773028183539394
ciddi	14 86 43 757 0.016707636260796556
kullanılan	9 91 28 772 0.016546365640518593
erkek	7 93 22 778 0.01641957356664489
geçmiş	7 93 22 778 0.01641957356664489
müdahale	7 93 22 778 0.01641957356664489
hafta	12 88 38 762 0.016325747431978347
kaydet	29 71 93 707 0.01616962689642664
anket	4 96 13 787 0.016005634737233675
belirten	25 75 82 718 0.015893445708701662
başlayan	7 93 23 777 0.015872254447756726
dakika	7 93 23 777 0.015872254447756726
dikkat	37 63 123 677 0.015730537890187468
kullandık	6 94 20 780 0.015697834069209948
mart	3 97 10 790 0.015697834069209948
olmadık	15 85 50 750 0.015697834069209948
vererek	3 97 10 790 0.015697834069209948
verildik	3 97 10 790 0.015697834069209948
yayımlan	3 97 10 790 0.015697834069209948
uygulama	13 87 44 756 0.015514233670739657
göz	18 82 61 739 0.015499127308840201
düzenleme	5 95 17 783 0.015459988098464343
ekle	5 95 17 783 0.015459988098464343
oran	10 90 34 766 0.015459988098464343
gelişme	11 89 38 762 0.015270682121748454
kadı	15 85 52 748 0.015229242007442486
durum	19 81 66 734 0.015205353000371988
alın	4 96 14 786 0.015116432807387357
eğitim	16 84 56 744 0.015116432807387357
gitme	6 94 21 779 0.015116432807387357
sistem	16 84 56 744 0.015116432807387357
okul	11 89 39 761 0.014965268479313485
kalma	9 91 32 768 0.014932086065833853
kişi	46 54 166 634 0.014759913165703695
birinci	8 92 29 771 0.014707880569349862
doğu	11 89 40 760 0.0146718318424642
teknik	14 86 51 749 0.014651311797929285
atan	3 97 11 789 0.014576560207123524
başlat	3 97 11 789 0.014576560207123524
bulunmadık	3 97 11 789 0.014576560207123524
gaz	3 97 11 789 0.014576560207123524
kurban	6 94 22 778 0.014576560207123524
olmalı	3 97 11 789 0.014576560207123524
sağ	3 97 11 789 0.014576560207123524
ten	3 97 11 789 0.014576560207123524
yaklaşım	3 97 11 789 0.014576560207123524
çelik	3 97 11 789 0.014576560207123524
yük	19 81 70 730 0.014521966348669877
bulunma	7 93 26 774 0.014429322225233387
görül	7 93 26 774 0.014429322225233387
operasyon	7 93 26 774 0.014429322225233387
ayak	8 92 30 770 0.01432083108068276
geçiş	4 96 15 785 0.01432083108068276
kazandık	4 96 15 785 0.01432083108068276
tahmin	8 92 30 770 0.01432083108068276
the	4 96 15 785 0.01432083108068276
türlü	4 96 15 785 0.01432083108068276
etkinlik	9 91 34 766 0.014237570434864837
edilen	19 81 72 728 0.014202802253094714
cep	5 95 19 781 0.014171655756925647
gören	5 95 19 781 0.014171655756925647
yarı	5 95 19 781 0.014171655756925647
baba	8 92 31 769 0.013953630283742177
gereken	8 92 31 769 0.013953630283742177
değişiklik	10 90 39 761 0.013882438292498593
söyle	48 52 188 612 0.013835379179642665
tam	12 88 47 753 0.013835379179642665
insan	29 71 114 686 0.013795066303245106
hayat	32 68 126 674 0.013777002052302402
orta	39 61 154 646 0.013745771801536173
ekim	4 96 16 784 0.013604789526648623
kayıt	4 96 16 784 0.013604789526648623
oda	4 96 16 784 0.013604789526648623
savun	4 96 16 784 0.013604789526648623
zarar	7 93 28 772 0.013604789526648623
afrika	3 97 12 788 0.013604789526648621
ayrı	6 94 24 776 0.013604789526648621
açan	3 97 12 788 0.013604789526648621
david	3 97 12 788 0.013604789526648621
düzenle	3 97 12 788 0.013604789526648621
elektronik	3 97 12 788 0.013604789526648621
kaydeden	6 94 24 776 0.013604789526648621
kesim	3 97 12 788 0.013604789526648621
sorumluluk	5 95 20 780 0.013604789526648621
söyleyen	6 94 24 776 0.013604789526648621
sürekli	5 95 20 780 0.013604789526648621
tercih	9 91 36 764 0.013604789526648621
vakıf	3 97 12 788 0.013604789526648621
özellik	23 77 93 707 0.013487506858315445
yaş	22 78 89 711 0.013482223855237374
göster	12 88 49 751 0.013381760190146185
olduk	22 78 90 710 0.013361846856529897
belirt	25 75 104 696 0.013182935587837811
görme	6 94 25 775 0.013165925348369634
uygun	10 90 42 758 0.01308152839100829
çeşitli	10 90 42 758 0.01308152839100829
bildiril	9 91 38 762 0.01302586231274868
konuş	36 64 152 648 0.01302586231274868
ihtiyaç	13 87 55 745 0.01300457822400236
ali	8 92 34 766 0.012956942406332021
gelme	12 88 51 749 0.012956942406332021
iy	4 96 17 783 0.012956942406332021
kullanmak	4 96 17 783 0.012956942406332021
öl	4 96 17 783 0.012956942406332021
kes	7 93 30 770 0.01286939549818113
yazılı	7 93 30 770 0.01286939549818113
aa	30 70 129 671 0.012834707100611907
sor	10 90 43 757 0.012834707100611907
bağlantı	3 97 13 787 0.012754490181233083
bilme	3 97 13 787 0.012754490181233083
elektrik	3 97 13 787 0.012754490181233083
eşlik	3 97 13 787 0.012754490181233083
mutluluk	3 97 13 787 0.012754490181233083
oluş	6 94 26 774 0.012754490181233083
verecek	3 97 13 787 0.012754490181233083
yurt	6 94 26 774 0.012754490181233083
çap	3 97 13 787 0.012754490181233083
çektik	3 97 13 787 0.012754490181233083
çıkarma	3 97 13 787 0.012754490181233083
çalışma	33 67 144 656 0.012682430914672445
konuşan	8 92 35 765 0.0126556181643243
oluşan	8 92 35 765 0.0126556181643243
zaman	38 62 167 633 0.012609317122259697
dünya	40 60 177 623 0.012538976522256794
kalan	7 93 31 769 0.012530727195597415
başarılı	9 91 40 760 0.012494194463248733
ora	13 87 58 742 0.012455089003269866
sayı	23 77 103 697 0.012417069806068187
ahmet	6 94 27 773 0.012367990478771474
belli	6 94 27 773 0.012367990478771474
düştük	4 96 18 782 0.012367990478771474
enerji	4 96 18 782 0.012367990478771474
mevcut	4 96 18 782 0.012367990478771474
veri	6 94 27 773 0.012367990478771474
yapıl	22 78 99 701 0.012367990478771474
yaşa	20 80 90 710 0.012367990478771474
yön	12 88 54 746 0.012367990478771474
ömer	4 96 18 782 0.012367990478771474
bakanlık	11 89 50 750 0.012266613507634003
yaşadık	11 89 50 750 0.012266613507634003
saye	9 91 41 759 0.01224431057398376
yaptık	7 93 32 768 0.012209426498274405
ifade	43 57 197 603 0.012187623950956057
şekli	12 88 55 745 0.012183393605953989
aç	10 90 46 754 0.01214713350593627
su	10 90 46 754 0.01214713350593627
hastanesi	3 97 14 786 0.012004226052925254
süren	6 94 28 772 0.012004226052925254
televizyon	6 94 28 772 0.012004226052925254
önemli	35 65 164 636 0.011964010890268887
iç	23 77 108 692 0.011943135844004516
kent	7 93 33 767 0.011904190835817546
gerekli	4 96 19 781 0.01183025176230315
kapalı	4 96 19 781 0.01183025176230315
yaşan	4 96 19 781 0.01183025176230315
yoğ	8 92 38 762 0.01183025176230315
yılma	4 96 19 781 0.01183025176230315
aralık	5 95 24 776 0.011728266833317777
tan	5 95 24 776 0.011728266833317777
ettik	6 94 29 771 0.011661248165698818
medya	6 94 29 771 0.011661248165698818
mustafa	6 94 29 771 0.011661248165698818
oluştur	6 94 29 771 0.011661248165698818
olacak	13 87 63 737 0.011635675253054742
kaldık	7 93 34 766 0.011613844717870775
çevre	7 93 34 766 0.011613844717870775
yol	27 73 132 668 0.011551236390550718
ileri	10 90 49 751 0.011529482649702221
hal	33 67 162 638 0.011511744984087297
abd	17 83 84 716 0.011449575344209238
getir	19 81 94 706 0.011437654911784239
yak	20 80 99 701 0.011432596240881195
baş	28 72 140 660 0.01133732460554052
sağla	7 93 35 765 0.01133732460554052
amerika	4 96 20 780 0.011337324605540518
aylık	3 97 15 785 0.011337324605540518
baktık	3 97 15 785 0.011337324605540518
cihaz	6 94 30 770 0.011337324605540518
geçme	4 96 20 780 0.011337324605540518
kapasite	3 97 15 785 0.011337324605540518
kriz	6 94 30 770 0.011337324605540518
şahin	3 97 15 785 0.011337324605540518
taş	8 92 41 759 0.011105950633998876
işlem	7 93 36 764 0.011073665893783762
toplu	7 93 36 764 0.011073665893783762
sonuç	25 75 129 671 0.011042848641760245
süreç	5 95 26 774 0.010971604456974695
yönelik	10 90 52 748 0.010971604456974695
üretim	5 95 26 774 0.010971604456974695
kas	17 83 89 711 0.010909501035520122
büyü	4 96 21 779 0.010883831621318897
duru	20 80 105 695 0.010883831621318897
firma	4 96 21 779 0.010883831621318897
gittik	4 96 21 779 0.010883831621318897
savaş	4 96 21 779 0.010883831621318897
yapıldık	7 93 37 763 0.010821991668925042
alacak	3 97 16 784 0.01074062331051207
bulun	12 88 64 736 0.01074062331051207
kötü	6 94 32 768 0.01074062331051207
liste	3 97 16 784 0.01074062331051207
sağlayan	3 97 16 784 0.01074062331051207
standart	3 97 16 784 0.01074062331051207
uzak	3 97 16 784 0.01074062331051207
yakala	3 97 16 784 0.01074062331051207
zor	15 85 80 720 0.01074062331051207
şekil	21 79 112 688 0.01074062331051207
dil	22 78 118 682 0.010689477485223918
an	27 73 145 655 0.010678177826148627
müdür	12 88 65 735 0.010601134696089835
biraz	7 93 38 762 0.010581502965171151
verme	14 86 76 724 0.010581502965171151
çek	14 86 76 724 0.010581502965171151
birlik	27 73 147 653 0.010555440149986
etkili	4 96 22 778 0.010465222712806633
imkan	4 96 22 778 0.010465222712806633
mücadele	10 90 55 745 0.010465222712806633
yaklaşık	11 89 61 739 0.01039254755507881
anlam	9 91 50 750 0.010376534384732
yaşanan	5 95 28 772 0.010306658732309562
artış	3 97 17 783 0.010203592144986466
bat	3 97 17 783 0.010203592144986466
doğru	12 88 68 732 0.010203592144986466
umut	3 97 17 783 0.010203592144986466
yatırım	3 97 17 783 0.010203592144986466
verdik	16 84 91 709 0.010171805253569064
büyüme	4 96 23 777 0.010077621871591572
girme	4 96 23 777 0.010077621871591572
güneş	4 96 23 777 0.010077621871591572
halk	12 88 69 731 0.010077621871591572
iş	25 75 144 656 0.010062714146929453
boy	10 90 58 742 0.010003521710771046
hız	5 95 29 771 0.010003521710771046
meydan	7 93 41 759 0.009920159029847954
soru	17 83 100 700 0.009883821450984043
başka	40 60 237 563 0.009822952726822109
belirterek	15 85 89 711 0.009811146293256218
gerek	15 85 90 710 0.009717706804749015
kampanya	4 96 24 776 0.009717706804749015
kaydedil	3 97 18 782 0.009717706804749015
kurulan	3 97 18 782 0.009717706804749015
piyasa	5 95 30 770 0.009717706804749015
sabah	4 96 24 776 0.009717706804749015
tehdit	3 97 18 782 0.009717706804749015
yaşayan	5 95 30 770 0.009717706804749015
merkez	16 84 98 702 0.009547220720455173
ingiltere	5 95 31 769 0.0094477705046171
tepki	5 95 31 769 0.0094477705046171
çalışan	9 91 56 744 0.009418700441525969
ayn	20 80 125 675 0.009382613466654222
karşılık	4 96 25 775 0.009382613466654222
üzeri	36 64 225 575 0.009382613466654222
kal	11 89 69 731 0.009353292799570928
yıl	53 47 335 465 0.009291930991138878
aziz	3 97 19 781 0.009275992859078605
düşen	3 97 19 781 0.009275992859078605
geldik	12 88 76 724 0.009275992859078605
hazırladık	3 97 19 781 0.009275992859078605
pay	3 97 19 781 0.009275992859078605
tehlike	3 97 19 781 0.009275992859078605
bayram	5 95 32 768 0.009192425355843664
faaliyet	7 93 45 755 0.009157069873705804
alınan	9 91 58 742 0.009137545204465492
açıklama	30 70 194 606 0.009110350129452202
hizmet	11 89 72 728 0.009015221975490052
amacı	9 91 59 741 0.00900316953969394
düş	10 90 66 734 0.008950519425426726
dış	16 84 106 694 0.008921173460097458
ankara	11 89 73 727 0.008907897904353266
aktar	3 97 20 780 0.008872688821727362
nokta	9 91 60 740 0.008872688821727362
sunduk	3 97 20 780 0.008872688821727362
ürün	6 94 40 760 0.008872688821727362
konu	34 66 228 572 0.008827535189046816
düşün	7 93 47 753 0.008817919137642625
il	7 93 47 753 0.008817919137642625
dönem	19 81 128 672 0.008792210918582443
ver	27 73 182 618 0.008787782708600785
hava	4 96 27 773 0.008777283565579757
kuzey	4 96 27 773 0.008777283565579757
uyarı	4 96 27 773 0.008777283565579757
kontrol	5 95 34 766 0.00872101892733886
yer	21 79 144 656 0.008657593335140032
büyük	31 69 213 587 0.008642386789469412
takip	8 92 55 745 0.008637961604221348
iyi	21 79 145 655 0.008605439158422322
değiş	6 94 42 758 0.008502993454155389
düzey	4 96 28 772 0.008502993454155389
lazım	4 96 28 772 0.008502993454155389
mehmet	7 93 49 751 0.008502993454155389
servis	3 97 21 779 0.008502993454155389
süre	6 94 42 758 0.008502993454155389
ulaşma	3 97 21 779 0.008502993454155389
uz	11 89 77 723 0.008502993454155389
sür	16 84 113 687 0.0084370787762162
adlı	6 94 43 757 0.008329462975499156
kuruluş	6 94 43 757 0.008329462975499156
yardımcı	10 90 72 728 0.008295603369907697
kaybet	4 96 29 771 0.00824532698584765
koy	7 93 51 749 0.008209786783322445
örnek	7 93 51 749 0.008209786783322445
kar	10 90 73 727 0.008195656341354591
katkı	6 94 44 756 0.008162873715989174
kolay	3 97 22 778 0.008162873715989174
madde	3 97 22 778 0.008162873715989174
silah	3 97 22 778 0.008162873715989174
tekrar	6 94 44 756 0.008162873715989174
ara	37 63 272 528 0.008145262337961149
yap	16 84 118 682 0.008122262403969327
ol	26 74 194 606 0.008039193811201458
baskı	4 96 30 770 0.008002817368616837
etmek	8 92 60 740 0.008002817368616837
rapor	4 96 30 770 0.008002817368616837
hedef	6 94 45 755 0.008002817368616836
içeri	10 90 76 724 0.007909761352702688
olma	21 79 160 640 0.007892281217116603
diyarbakır	3 97 23 777 0.007848917034604974
farklı	12 88 92 708 0.007848917034604974
iletiş	3 97 23 777 0.007848917034604974
kültür	6 94 46 754 0.007848917034604974
oldukça	3 97 23 777 0.007848917034604974
ülke	24 76 185 615 0.007811362407645141
bul	14 86 108 692 0.0078060267775852754
çöz	4 96 31 769 0.007774165443799213
el	24 76 186 614 0.007774165443799212
özel	12 88 93 707 0.007774165443799212
dahil	5 95 39 761 0.007729994049232172
hareket	6 94 47 753 0.007700824260367144
çık	18 82 141 659 0.007700824260367144
yapı	7 93 55 745 0.007680123119882287
yok	15 85 118 682 0.007671873793222907
et	21 79 167 633 0.007598419682436731
alınma	3 97 24 776 0.007558216403693679
anadolu	4 96 32 768 0.007558216403693679
ağır	4 96 32 768 0.007558216403693679
bölü	4 96 32 768 0.007558216403693679
devir	3 97 24 776 0.007558216403693679
hav	4 96 32 768 0.007558216403693679
karşı	16 84 128 672 0.007558216403693679
kız	5 95 40 760 0.007558216403693679
yay	3 97 24 776 0.007558216403693679
kullan	9 91 72 728 0.007558216403693678
bilgi	17 83 137 663 0.007509137076396967
alma	12 88 97 703 0.007488874968797406
avrupa	9 91 73 727 0.0074660430329169265
bölüm	5 95 41 759 0.007393907351439469
iz	5 95 41 759 0.007393907351439469
yan	9 91 74 726 0.007376090707219131
new	4 96 33 767 0.007353940284674931
çalıştık	4 96 33 767 0.007353940284674931
ar	3 97 25 775 0.007288280103561762
beraber	3 97 25 775 0.007288280103561762
fikir	3 97 25 775 0.007288280103561762
görüntü	3 97 25 775 0.007288280103561762
gün	31 69 261 539 0.007221720467912796
kamu	4 96 34 766 0.00716041554034138
kaynak	4 96 34 766 0.00716041554034138
say	4 96 34 766 0.00716041554034138
topla	6 94 51 749 0.00716041554034138
vatandaş	6 94 51 749 0.00716041554034138
veren	8 92 68 732 0.00716041554034138
grup	12 88 103 697 0.00709815105738189
deva	22 78 189 611 0.007092544302992173
eş	5 95 43 757 0.007085827878462824
verilen	5 95 43 757 0.007085827878462824
çıkan	10 90 86 714 0.007085827878462824
bilgisayar	3 97 26 774 0.007036960099990666
yanıt	3 97 26 774 0.007036960099990666
alt	15 85 131 669 0.006988761743141415
görev	9 91 79 721 0.006956994644308954
at	5 95 44 756 0.006941219146249297
akşam	6 94 53 747 0.006917689589821333
fark	6 94 53 747 0.006917689589821333
ye	27 73 241 559 0.006853158903349119
ekip	11 89 99 701 0.0068023947633243115
belirtil	6 94 54 746 0.006802394763324311
dön	3 97 27 773 0.006802394763324311
fiyat	3 97 27 773 0.006802394763324311
verilme	3 97 27 773 0.006802394763324311
vermek	3 97 27 773 0.006802394763324311
çıkış	3 97 27 773 0.006802394763324311
bulunan	12 88 110 690 0.006690880095073092
genel	18 82 165 635 0.006690880095073092
kabul	6 94 55 745 0.006690880095073092
yapan	10 90 92 708 0.006669014473847363
gelen	17 83 157 643 0.006646017872213408
değerlendirme	4 96 37 763 0.006636482695926157
etme	12 88 111 689 0.006636482695926157
sokak	4 96 37 763 0.006636482695926157
yar	8 92 74 726 0.006636482695926157
türkiye	28 72 260 540 0.006613439353231969
bülent	3 97 28 772 0.006582962674184817
saat	9 91 84 716 0.006582962674184817
telefon	5 95 47 753 0.006540764195504145
geri	7 93 66 734 0.006522844293598655
edil	8 92 76 724 0.0064784712031660105
hemen	4 96 38 762 0.0064784712031660105
çalış	9 91 86 714 0.006444373986307241
bulunduk	11 89 108 692 0.006287927932484658
bura	3 97 30 770 0.006183995239385737
sosyal	7 93 70 730 0.006183995239385737
ulaş	3 97 30 770 0.006183995239385737
öğrenci	3 97 30 770 0.006183995239385737
ilişki	12 88 121 679 0.006137499034578326
tarih	12 88 121 679 0.006137499034578326
kur	7 93 71 729 0.0061047132491372025
sır	7 93 71 729 0.0061047132491372025
bak	4 96 41 759 0.0060465731229549435
gerçek	7 93 72 728 0.006027438397882301
yen	22 78 227 573 0.006010147983660034
ekonomik	3 97 31 769 0.006002113026462627
fatih	3 97 31 769 0.006002113026462627
gerekçe	3 97 31 769 0.006002113026462627
arkadaş	6 94 63 737 0.005915125881151575
git	6 94 63 737 0.005915125881151575
aldık	11 89 117 683 0.00584580799973183
diyerek	3 97 32 768 0.005830624082849409
düzenlenen	6 94 64 736 0.005830624082849409
gördük	3 97 32 768 0.005830624082849409
model	3 97 32 768 0.005830624082849409
tabii	3 97 32 768 0.005830624082849409
toplantı	7 93 75 725 0.0058069223589353874
al	22 78 236 564 0.005800491658648638
birbiri	3 97 33 767 0.005668662302770259
tek	10 90 111 689 0.005621813853987034
spor	5 95 56 744 0.00557573341256091
satış	4 96 45 755 0.005552975316999438
söz	12 88 135 665 0.005552975316999437
art	15 85 170 630 0.005515455213506198
isimli	3 97 34 766 0.005515455213506198
ödül	3 97 34 766 0.005515455213506198
ak	6 94 70 730 0.005370311655256035
salon	3 97 35 765 0.005370311655256035
film	4 96 48 752 0.0052326113564033164
süreci	4 96 48 752 0.0052326113564033164
çıkma	5 95 60 740 0.0052326113564033164
alan	18 82 216 584 0.005232611356403316
gazeteci	3 97 36 764 0.005232611356403316
gel	18 82 216 584 0.005232611356403316
ikinci	6 94 72 728 0.005232611356403316
milyon	10 90 121 679 0.0051926677582628325
güvenlik	6 94 73 727 0.005166375769613401
geçtik	5 95 61 739 0.005153329366154781
kıs	4 96 49 751 0.005133882840244763
müdürlük	4 96 49 751 0.005133882840244763
ilk	17 83 209 591 0.005116845618429792
diyen	3 97 37 763 0.005101796072493233
ses	3 97 37 763 0.005101796072493233
yaz	5 95 62 738 0.005076414002480829
kurulu	4 96 50 750 0.005038810935795786
eylül	3 97 38 762 0.004977362021944618
sahip	10 90 128 672 0.004929271567626312
destek	6 94 78 722 0.004858853402374508
ekonomi	3 97 39 761 0.004858853402374508
ad	9 91 118 682 0.004820594714166834
yeni	6 94 79 721 0.004801690421170101
do	4 96 53 747 0.004773610360227587
yıllık	4 96 53 747 0.004773610360227587
üst	4 96 53 747 0.004773610360227587
güç	6 94 80 720 0.0047458568116216125
tl	3 97 40 760 0.0047458568116216125
program	5 95 67 733 0.00472388525230855
dönüş	3 97 41 759 0.004637996429539303
bölge	7 93 97 703 0.004578534936852902
ev	7 93 98 702 0.004534929842216207
ay	14 86 198 602 0.004492147485214168
hak	11 89 157 643 0.004453948952176633
mutlu	3 97 44 756 0.00434195410424956
rakam	3 97 44 756 0.00434195410424956
başla	8 92 119 681 0.004284973079259409
bas	6 94 90 710 0.0042514967270776945
başarı	4 96 60 740 0.0042514967270776945
görüşme	3 97 45 755 0.0042514967270776945
geç	6 94 91 709 0.004207666863911945
gör	4 96 61 739 0.004186089085122653
ilgi	4 96 62 738 0.004122663492923825
proje	4 96 62 738 0.004122663492923825
rol	3 97 47 753 0.004081436857994587
açık	4 96 64 736 0.004001408684308419
istanbul	8 92 129 671 0.003972201321649233
geçen	8 92 130 670 0.00394341725410105
kapsam	3 97 49 751 0.003924458517302487
başkanlık	4 96 66 734 0.0038870827218996065
ün	4 96 66 734 0.0038870827218996065
haber	6 94 100 700 0.003850412130183572
fotoğraf	3 97 51 749 0.0037791082018468394
uluslararası	4 96 68 732 0.0037791082018468394
talep	3 97 53 747 0.003644140051780881
teknoloji	3 97 53 747 0.003644140051780881
veril	3 97 53 747 0.003644140051780881
olay	5 95 89 711 0.0036182950868746335
sıra	5 95 89 711 0.0036182950868746335
gir	3 97 54 746 0.00358020777017069
konuşma	3 97 54 746 0.00358020777017069
eski	4 96 74 726 0.0034884075709355443
güzel	3 97 56 744 0.0034588447949106664
dün	3 97 59 741 0.0032914813370924084
yapma	5 95 99 701 0.0032703820977520726
gündem	3 97 60 740 0.0032392356015830052
iste	6 94 120 680 0.0032392356015830052
haf	4 96 81 719 0.0032011269474467347
yönetim	4 96 83 717 0.003127537822218074
in	6 94 131 669 0.0029791509912369244
türk	6 94 134 666 0.0029153120414247046
ın	5 95 112 688 0.0029070063091129533
ait	3 97 68 732 0.0028742513084468917
genç	3 97 68 732 0.0028742513084468917
ada	4 96 93 707 0.0028051112426079636
bakan	4 96 93 707 0.0028051112426079636
bugün	5 95 131 669 0.0025008804276927614
ek	3 97 86 714 0.0022929420550531383
devlet	3 97 93 707 0.0021257483635388472
