adamlık	3 97 0 800 0.06802394763324311
adil	3 97 0 800 0.06802394763324311
afet	3 97 0 800 0.06802394763324311
aihm	3 97 0 800 0.06802394763324311
akp	16 84 0 800 0.06802394763324311
alev	4 96 0 800 0.06802394763324311
alınabilecek	3 97 0 800 0.06802394763324311
amaçlı	3 97 0 800 0.06802394763324311
anamuhalefet	4 96 0 800 0.06802394763324311
anayasa	22 78 0 800 0.06802394763324311
anka	27 73 0 800 0.06802394763324311
anlaşılma	3 97 0 800 0.06802394763324311
anma	5 95 0 800 0.06802394763324311
anımsat	3 97 0 800 0.06802394763324311
anımsatan	5 95 0 800 0.06802394763324311
anıt	4 96 0 800 0.06802394763324311
aralıksız	3 97 0 800 0.06802394763324311
aydın	3 97 0 800 0.06802394763324311
ayrımcılık	3 97 0 800 0.06802394763324311
ayıp	3 97 0 800 0.06802394763324311
azala	3 97 0 800 0.06802394763324311
azim	4 96 0 800 0.06802394763324311
açlık	14 86 0 800 0.06802394763324311
açmak	4 96 0 800 0.06802394763324311
ağla	4 96 0 800 0.06802394763324311
bahattin	3 97 0 800 0.06802394763324311
bahçeli	7 93 0 800 0.06802394763324311
bakış	4 96 0 800 0.06802394763324311
bali	4 96 0 800 0.06802394763324311
batma	3 97 0 800 0.06802394763324311
baykal	3 97 0 800 0.06802394763324311
başbakanlık	10 90 0 800 0.06802394763324311
başkanvekili	11 89 0 800 0.06802394763324311
başkanı	3 97 0 800 0.06802394763324311
bbp	3 97 0 800 0.06802394763324311
bdp	14 86 0 800 0.06802394763324311
bedel	3 97 0 800 0.06802394763324311
bekir	3 97 0 800 0.06802394763324311
biber	3 97 0 800 0.06802394763324311
birdal	3 97 0 800 0.06802394763324311
birtakım	3 97 0 800 0.06802394763324311
bozbeyli	3 97 0 800 0.06802394763324311
bozdağ	3 97 0 800 0.06802394763324311
bölücü	5 95 0 800 0.06802394763324311
bölücülük	3 97 0 800 0.06802394763324311
bütünlük	3 97 0 800 0.06802394763324311
cehennem	3 97 0 800 0.06802394763324311
celal	4 96 0 800 0.06802394763324311
cemil	5 95 0 800 0.06802394763324311
cevdet	4 96 0 800 0.06802394763324311
cezaev	12 88 0 800 0.06802394763324311
chp	50 50 0 800 0.06802394763324311
cumhur	5 95 0 800 0.06802394763324311
cumhurbaşkanlık	5 95 0 800 0.06802394763324311
daima	3 97 0 800 0.06802394763324311
dalga	3 97 0 800 0.06802394763324311
demirtaş	5 95 0 800 0.06802394763324311
demokratik	11 89 0 800 0.06802394763324311
diktatörlük	3 97 0 800 0.06802394763324311
dileyen	4 96 0 800 0.06802394763324311
dinleme	3 97 0 800 0.06802394763324311
dinçer	7 93 0 800 0.06802394763324311
direniş	4 96 0 800 0.06802394763324311
diyanet	4 96 0 800 0.06802394763324311
doğma	4 96 0 800 0.06802394763324311
dsp	3 97 0 800 0.06802394763324311
durabil	3 97 0 800 0.06802394763324311
duruş	5 95 0 800 0.06802394763324311
duyarlı	4 96 0 800 0.06802394763324311
dök	3 97 0 800 0.06802394763324311
dönüştürdük	3 97 0 800 0.06802394763324311
dönüştürme	3 97 0 800 0.06802394763324311
dönüştürülme	3 97 0 800 0.06802394763324311
düzenleyen	5 95 0 800 0.06802394763324311
düşürülme	7 93 0 800 0.06802394763324311
egemen	5 95 0 800 0.06802394763324311
eleştirerek	4 96 0 800 0.06802394763324311
elkatmış	3 97 0 800 0.06802394763324311
emanet	3 97 0 800 0.06802394763324311
erbaş	3 97 0 800 0.06802394763324311
erdirilme	4 96 0 800 0.06802394763324311
erdirme	3 97 0 800 0.06802394763324311
ergenekon	3 97 0 800 0.06802394763324311
ergün	3 97 0 800 0.06802394763324311
eroğlu	3 97 0 800 0.06802394763324311
ersümer	3 97 0 800 0.06802394763324311
etik	3 97 0 800 0.06802394763324311
etraf	3 97 0 800 0.06802394763324311
evrensel	3 97 0 800 0.06802394763324311
eğme	3 97 0 800 0.06802394763324311
ferruh	3 97 0 800 0.06802394763324311
fethet	3 97 0 800 0.06802394763324311
forumu	3 97 0 800 0.06802394763324311
gayret	4 96 0 800 0.06802394763324311
gelebil	3 97 0 800 0.06802394763324311
gelenek	3 97 0 800 0.06802394763324311
genci	3 97 0 800 0.06802394763324311
genelkurmay	3 97 0 800 0.06802394763324311
gensoru	6 94 0 800 0.06802394763324311
gerekmek	4 96 0 800 0.06802394763324311
gerginlik	4 96 0 800 0.06802394763324311
getirecek	4 96 0 800 0.06802394763324311
geçirilen	3 97 0 800 0.06802394763324311
gidermek	3 97 0 800 0.06802394763324311
grev	14 86 0 800 0.06802394763324311
görülmek	3 97 0 800 0.06802394763324311
görüşülme	3 97 0 800 0.06802394763324311
göstererek	3 97 0 800 0.06802394763324311
güvensizlik	3 97 0 800 0.06802394763324311
haberal	4 96 0 800 0.06802394763324311
hakaret	4 96 0 800 0.06802394763324311
hakkari	4 96 0 800 0.06802394763324311
haklı	3 97 0 800 0.06802394763324311
haksızlık	3 97 0 800 0.06802394763324311
hayvancılık	6 94 0 800 0.06802394763324311
hepimiz	3 97 0 800 0.06802394763324311
hükümeti	6 94 0 800 0.06802394763324311
hükümetin	6 94 0 800 0.06802394763324311
icraat	3 97 0 800 0.06802394763324311
idris	3 97 0 800 0.06802394763324311
iklim	3 97 0 800 0.06802394763324311
ilerleme	3 97 0 800 0.06802394763324311
ilet	3 97 0 800 0.06802394763324311
ilke	8 92 0 800 0.06802394763324311
imar	3 97 0 800 0.06802394763324311
imralı	3 97 0 800 0.06802394763324311
inancı	5 95 0 800 0.06802394763324311
inanma	4 96 0 800 0.06802394763324311
inanç	4 96 0 800 0.06802394763324311
irtibat	3 97 0 800 0.06802394763324311
istem	3 97 0 800 0.06802394763324311
istismar	3 97 0 800 0.06802394763324311
istişare	3 97 0 800 0.06802394763324311
işkence	3 97 0 800 0.06802394763324311
işledik	5 95 0 800 0.06802394763324311
kahraman	4 96 0 800 0.06802394763324311
kaldırma	4 96 0 800 0.06802394763324311
kaldırılma	5 95 0 800 0.06802394763324311
kandoğan	3 97 0 800 0.06802394763324311
kanun	22 78 0 800 0.06802394763324311
kapatıl	4 96 0 800 0.06802394763324311
kapusuz	3 97 0 800 0.06802394763324311
kararlı	5 95 0 800 0.06802394763324311
kararlılık	3 97 0 800 0.06802394763324311
kararname	3 97 0 800 0.06802394763324311
karatepe	3 97 0 800 0.06802394763324311
karma	3 97 0 800 0.06802394763324311
katliam	3 97 0 800 0.06802394763324311
katılmayacak	3 97 0 800 0.06802394763324311
kavuşacak	3 97 0 800 0.06802394763324311
kaynaklanan	4 96 0 800 0.06802394763324311
keski	3 97 0 800 0.06802394763324311
keçeci	3 97 0 800 0.06802394763324311
keşke	4 96 0 800 0.06802394763324311
konum	3 97 0 800 0.06802394763324311
koyma	4 96 0 800 0.06802394763324311
kurulma	6 94 0 800 0.06802394763324311
kurultay	4 96 0 800 0.06802394763324311
kutlama	10 90 0 800 0.06802394763324311
kuvvetleri	3 97 0 800 0.06802394763324311
kürkcü	3 97 0 800 0.06802394763324311
kürsü	4 96 0 800 0.06802394763324311
kılın	3 97 0 800 0.06802394763324311
kılıçdaroğlu	11 89 0 800 0.06802394763324311
kırsal	3 97 0 800 0.06802394763324311
kıyamet	3 97 0 800 0.06802394763324311
kızılcahamam	6 94 0 800 0.06802394763324311
li	6 94 0 800 0.06802394763324311
liman	3 97 0 800 0.06802394763324311
lütfen	4 96 0 800 0.06802394763324311
makul	4 96 0 800 0.06802394763324311
malkoç	3 97 0 800 0.06802394763324311
mana	4 96 0 800 0.06802394763324311
maraton	3 97 0 800 0.06802394763324311
mazlum	3 97 0 800 0.06802394763324311
mecburiyet	3 97 0 800 0.06802394763324311
medeniyet	5 95 0 800 0.06802394763324311
mehdi	5 95 0 800 0.06802394763324311
mesai	3 97 0 800 0.06802394763324311
meydanı	3 97 0 800 0.06802394763324311
meşru	5 95 0 800 0.06802394763324311
mhp	20 80 0 800 0.06802394763324311
milletçe	4 96 0 800 0.06802394763324311
miting	4 96 0 800 0.06802394763324311
muhtıra	5 95 0 800 0.06802394763324311
myk	3 97 0 800 0.06802394763324311
müreffeh	5 95 0 800 0.06802394763324311
müşterek	4 96 0 800 0.06802394763324311
niyet	6 94 0 800 0.06802394763324311
olaylı	4 96 0 800 0.06802394763324311
onaylanma	3 97 0 800 0.06802394763324311
ongun	4 96 0 800 0.06802394763324311
oruç	8 92 0 800 0.06802394763324311
oturum	5 95 0 800 0.06802394763324311
oylama	3 97 0 800 0.06802394763324311
pankart	4 96 0 800 0.06802394763324311
partili	15 85 0 800 0.06802394763324311
partisi	3 97 0 800 0.06802394763324311
pazarlık	4 96 0 800 0.06802394763324311
pkk	6 94 0 800 0.06802394763324311
planlayan	3 97 0 800 0.06802394763324311
protesto	3 97 0 800 0.06802394763324311
rahmet	5 95 0 800 0.06802394763324311
rant	3 97 0 800 0.06802394763324311
referandum	3 97 0 800 0.06802394763324311
rize	4 96 0 800 0.06802394763324311
rüştü	3 97 0 800 0.06802394763324311
salih	3 97 0 800 0.06802394763324311
savcı	3 97 0 800 0.06802394763324311
savunan	8 92 0 800 0.06802394763324311
selamla	3 97 0 800 0.06802394763324311
sezgi	4 96 0 800 0.06802394763324311
silivri	3 97 0 800 0.06802394763324311
siyasal	4 96 0 800 0.06802394763324311
siyasetçi	8 92 0 800 0.06802394763324311
somut	3 97 0 800 0.06802394763324311
sorulduk	3 97 0 800 0.06802394763324311
statü	3 97 0 800 0.06802394763324311
suçla	3 97 0 800 0.06802394763324311
sürerek	4 96 0 800 0.06802394763324311
sıfır	3 97 0 800 0.06802394763324311
sığ	3 97 0 800 0.06802394763324311
sığınan	3 97 0 800 0.06802394763324311
tahammülsüzlük	3 97 0 800 0.06802394763324311
takvim	3 97 0 800 0.06802394763324311
tank	3 97 0 800 0.06802394763324311
tanrıkulu	4 96 0 800 0.06802394763324311
tansu	3 97 0 800 0.06802394763324311
tasarı	10 90 0 800 0.06802394763324311
taya	3 97 0 800 0.06802394763324311
tbmm	38 62 0 800 0.06802394763324311
tck	3 97 0 800 0.06802394763324311
tecelli	3 97 0 800 0.06802394763324311
tersi	5 95 0 800 0.06802394763324311
tezahür	3 97 0 800 0.06802394763324311
tezcan	3 97 0 800 0.06802394763324311
tezkere	4 96 0 800 0.06802394763324311
tezkeresi	3 97 0 800 0.06802394763324311
teşebbüs	5 95 0 800 0.06802394763324311
teşkilat	3 97 0 800 0.06802394763324311
toplantısı	3 97 0 800 0.06802394763324311
trt	3 97 0 800 0.06802394763324311
tsk	4 96 0 800 0.06802394763324311
tunceli	3 97 0 800 0.06802394763324311
turhan	3 97 0 800 0.06802394763324311
tutuklu	6 94 0 800 0.06802394763324311
ulus	3 97 0 800 0.06802394763324311
uyarınca	3 97 0 800 0.06802394763324311
uzlaşma	5 95 0 800 0.06802394763324311
vekil	8 92 0 800 0.06802394763324311
vesile	5 95 0 800 0.06802394763324311
veysel	3 97 0 800 0.06802394763324311
vur	3 97 0 800 0.06802394763324311
yakış	4 96 0 800 0.06802394763324311
yanıtlayan	5 95 0 800 0.06802394763324311
yapay	4 96 0 800 0.06802394763324311
yapmadık	3 97 0 800 0.06802394763324311
yargılama	4 96 0 800 0.06802394763324311
yayımla	3 97 0 800 0.06802394763324311
yayımladık	5 95 0 800 0.06802394763324311
yazım	3 97 0 800 0.06802394763324311
yaşatma	4 96 0 800 0.06802394763324311
yitirdik	3 97 0 800 0.06802394763324311
yurttaş	6 94 0 800 0.06802394763324311
yönelt	3 97 0 800 0.06802394763324311
yücelen	3 97 0 800 0.06802394763324311
yükümlülük	3 97 0 800 0.06802394763324311
yürek	3 97 0 800 0.06802394763324311
zaaf	4 96 0 800 0.06802394763324311
zenginlik	3 97 0 800 0.06802394763324311
zihin	3 97 0 800 0.06802394763324311
zihniyet	8 92 0 800 0.06802394763324311
zulüm	4 96 0 800 0.06802394763324311
çelenk	3 97 0 800 0.06802394763324311
çil	3 97 0 800 0.06802394763324311
çözme	3 97 0 800 0.06802394763324311
çözmek	3 97 0 800 0.06802394763324311
çıkartıl	4 96 0 800 0.06802394763324311
öcalan	5 95 0 800 0.06802394763324311
öldüren	3 97 0 800 0.06802394763324311
önder	3 97 0 800 0.06802394763324311
önerdik	4 96 0 800 0.06802394763324311
önerge	13 87 0 800 0.06802394763324311
özal	3 97 0 800 0.06802394763324311
özet	4 96 0 800 0.06802394763324311
ümmet	3 97 0 800 0.06802394763324311
üslup	4 96 0 800 0.06802394763324311
ısrar	3 97 0 800 0.06802394763324311
ısrarcı	3 97 0 800 0.06802394763324311
şanlıurfa	3 97 0 800 0.06802394763324311
şantaj	5 95 0 800 0.06802394763324311
şehit	14 86 0 800 0.06802394763324311
şeref	6 94 0 800 0.06802394763324311
şevket	3 97 0 800 0.06802394763324311
şükran	4 96 0 800 0.06802394763324311
şükür	6 94 0 800 0.06802394763324311
arınç	9 91 0 800 0.0680239476332431
idam	9 91 0 800 0.0680239476332431
komisyonu	9 91 0 800 0.0680239476332431
millet	31 69 3 797 0.062021834606780485
recep	29 71 4 796 0.05977862064739546
tayyip	29 71 4 796 0.05977862064739546
iktidar	21 79 3 797 0.059520954179087725
yasa	21 79 3 797 0.059520954179087725
komisyon	19 81 3 797 0.0587479547741645
milletvekil	43 57 7 793 0.05850059496458908
büyükşehir	18 82 3 797 0.05830624082849409
demokrasi	15 85 3 797 0.05668662302770259
saygı	12 88 3 797 0.054419158106594485
anlayış	16 84 5 795 0.051827769625328084
erdoğan	38 62 12 788 0.05169820020126476
meclis	37 63 12 788 0.05136502168224479
cumhuriyet	21 79 7 793 0.05101796072493233
talimat	9 91 3 797 0.05101796072493233
terör	21 79 7 793 0.05101796072493233
kemal	14 86 5 795 0.05012290878238966
tören	11 89 4 796 0.049884228264378286
bayramı	8 92 3 797 0.0494719619150859
görüşül	8 92 3 797 0.0494719619150859
kalkınma	8 92 3 797 0.0494719619150859
yasak	10 90 4 796 0.04858853402374508
parti	57 43 23 777 0.04846706268868571
atatürk	14 86 6 794 0.04761676334327018
irade	7 93 3 797 0.04761676334327018
kutla	7 93 3 797 0.04761676334327018
dayanışma	6 94 3 797 0.04534929842216207
gönderdik	6 94 3 797 0.04534929842216207
hassasiyet	6 94 3 797 0.04534929842216207
hatırlatarak	6 94 3 797 0.04534929842216207
haziran	6 94 3 797 0.04534929842216207
huzur	6 94 3 797 0.04534929842216207
insanlık	6 94 3 797 0.04534929842216207
kaldır	6 94 3 797 0.04534929842216207
koyduk	6 94 3 797 0.04534929842216207
savunarak	6 94 3 797 0.04534929842216207
vali	6 94 3 797 0.04534929842216207
darbe	11 89 6 794 0.044015495527392604
şubat	9 91 5 795 0.043729680621370566
sivil	16 84 9 791 0.04353532648527559
allah	5 95 3 797 0.04251496727077694
beraberlik	10 90 6 794 0.04251496727077694
dinle	5 95 3 797 0.04251496727077694
hüküm	5 95 3 797 0.04251496727077694
insani	5 95 3 797 0.04251496727077694
katılı	5 95 3 797 0.04251496727077694
kurulduk	5 95 3 797 0.04251496727077694
mardin	5 95 3 797 0.04251496727077694
oktay	5 95 3 797 0.04251496727077694
pazartesi	5 95 3 797 0.04251496727077694
selahattin	5 95 3 797 0.04251496727077694
yetki	5 95 3 797 0.04251496727077694
özgürlük	5 95 3 797 0.04251496727077694
cevap	8 92 5 795 0.04186089085122653
getirilen	8 92 5 795 0.04186089085122653
sevgi	8 92 5 795 0.04186089085122653
başbakan	50 50 33 767 0.04097828170677296
içiş	6 94 4 796 0.040814368579945866
kuvvet	6 94 4 796 0.040814368579945866
öz	6 94 4 796 0.040814368579945866
başkanlığı	7 93 5 795 0.039680636119391814
eleştir	7 93 5 795 0.039680636119391814
katılma	7 93 5 795 0.039680636119391814
birer	4 96 3 797 0.03887082721899606
cenaze	4 96 3 797 0.03887082721899606
cumhurbaşkan	12 88 9 791 0.03887082721899606
edilmek	4 96 3 797 0.03887082721899606
konuşmak	4 96 3 797 0.03887082721899606
koordinasyon	4 96 3 797 0.03887082721899606
korumak	4 96 3 797 0.03887082721899606
kurma	4 96 3 797 0.03887082721899606
olmalı	8 92 6 794 0.03887082721899606
protokol	4 96 3 797 0.03887082721899606
siirt	4 96 3 797 0.03887082721899606
taşıma	4 96 3 797 0.03887082721899606
zorunlu	4 96 3 797 0.03887082721899606
şimşek	4 96 3 797 0.03887082721899606
ders	9 91 7 793 0.038263470543699246
anla	5 95 4 796 0.0377910820184684
cihan	10 90 8 792 0.0377910820184684
merkezi	5 95 4 796 0.0377910820184684
siyasi	20 80 16 784 0.0377910820184684
muhalefet	12 88 10 790 0.03710397143631442
sandık	6 94 5 795 0.03710397143631442
diyarbakır	14 86 12 788 0.03662827949482322
parlamento	7 93 6 794 0.03662827949482322
çiçek	7 93 6 794 0.03662827949482322
bütçe	10 90 9 791 0.0358020777017069
görüşme	25 75 23 777 0.03542913939231412
belediye	14 86 13 787 0.0352716765505705
adım	5 95 5 795 0.034011973816621556
ak	38 62 38 762 0.034011973816621556
anlatmak	3 97 3 797 0.034011973816621556
anımsatarak	3 97 3 797 0.034011973816621556
arzu	3 97 3 797 0.034011973816621556
asgari	3 97 3 797 0.034011973816621556
açma	3 97 3 797 0.034011973816621556
birikim	3 97 3 797 0.034011973816621556
biçim	6 94 6 794 0.034011973816621556
davranma	4 96 4 796 0.034011973816621556
dert	3 97 3 797 0.034011973816621556
dile	3 97 3 797 0.034011973816621556
divan	3 97 3 797 0.034011973816621556
durma	3 97 3 797 0.034011973816621556
dönüm	4 96 4 796 0.034011973816621556
ekşi	3 97 3 797 0.034011973816621556
endonezya	4 96 4 796 0.034011973816621556
engel	5 95 5 795 0.034011973816621556
eşit	3 97 3 797 0.034011973816621556
forum	4 96 4 796 0.034011973816621556
gazi	4 96 4 796 0.034011973816621556
getirilme	3 97 3 797 0.034011973816621556
gidiş	3 97 3 797 0.034011973816621556
hayır	4 96 4 796 0.034011973816621556
husus	3 97 3 797 0.034011973816621556
ikna	4 96 4 796 0.034011973816621556
kaldırıldık	3 97 3 797 0.034011973816621556
katılmak	3 97 3 797 0.034011973816621556
konul	3 97 3 797 0.034011973816621556
malatya	5 95 5 795 0.034011973816621556
nı	3 97 3 797 0.034011973816621556
oluşturulma	3 97 3 797 0.034011973816621556
otur	4 96 4 796 0.034011973816621556
oynamak	3 97 3 797 0.034011973816621556
peş	3 97 3 797 0.034011973816621556
ramazan	3 97 3 797 0.034011973816621556
rejim	3 97 3 797 0.034011973816621556
sahte	3 97 3 797 0.034011973816621556
samimi	4 96 4 796 0.034011973816621556
sendika	3 97 3 797 0.034011973816621556
seslen	3 97 3 797 0.034011973816621556
siyaset	8 92 8 792 0.034011973816621556
suret	3 97 3 797 0.034011973816621556
takdir	4 96 4 796 0.034011973816621556
tanınma	3 97 3 797 0.034011973816621556
terörist	7 93 7 793 0.034011973816621556
toplumsal	4 96 4 796 0.034011973816621556
vaat	3 97 3 797 0.034011973816621556
veli	3 97 3 797 0.034011973816621556
yapılacak	6 94 6 794 0.034011973816621556
yurtdışı	3 97 3 797 0.034011973816621556
çadır	3 97 3 797 0.034011973816621556
çözüm	4 96 4 796 0.034011973816621556
çıkarak	3 97 3 797 0.034011973816621556
öngörül	3 97 3 797 0.034011973816621556
örgüt	19 81 19 781 0.034011973816621556
öt	4 96 4 796 0.034011973816621556
üyelik	3 97 3 797 0.034011973816621556
beledi	9 91 9 791 0.03401197381662155
görüş	18 82 18 782 0.03401197381662155
yerel	9 91 9 791 0.03401197381662155
başkan	13 87 14 786 0.03275227108267261
dedik	9 91 10 790 0.03222186993153621
şiddet	9 91 10 790 0.03222186993153621
ruh	8 92 9 791 0.03201126947446735
teklif	15 85 17 783 0.03188622545308271
tar	7 93 8 792 0.03174450889551345
deme	6 94 7 793 0.031395668138419895
değerlendir	6 94 7 793 0.031395668138419895
güven	6 94 7 793 0.031395668138419895
kurul	12 88 14 786 0.031395668138419895
töre	6 94 7 793 0.031395668138419895
yargı	6 94 7 793 0.031395668138419895
bulunmak	5 95 6 794 0.030919976196928687
eylem	10 90 12 788 0.030919976196928687
kalk	5 95 6 794 0.030919976196928687
yet	5 95 6 794 0.030919976196928687
bülent	14 86 17 783 0.030720492479529148
savun	9 91 11 789 0.030610776434959398
umut	9 91 11 789 0.030610776434959398
eksiklik	4 96 5 795 0.030232865614774715
hükümet	8 92 10 790 0.030232865614774715
il	24 76 30 770 0.030232865614774715
lise	4 96 5 795 0.030232865614774715
şahin	8 92 10 790 0.030232865614774715
baskı	15 85 19 781 0.030010565132313136
yas	7 93 9 791 0.029760477089543862
bayram	16 84 21 779 0.029415761138699724
bildik	3 97 4 796 0.029153120414247048
bitir	3 97 4 796 0.029153120414247048
değerlendirilme	3 97 4 796 0.029153120414247048
değinen	3 97 4 796 0.029153120414247048
gönderilen	3 97 4 796 0.029153120414247048
görüldük	3 97 4 796 0.029153120414247048
gıda	6 94 8 792 0.029153120414247048
kavuş	3 97 4 796 0.029153120414247048
kök	3 97 4 796 0.029153120414247048
laf	3 97 4 796 0.029153120414247048
maalesef	6 94 8 792 0.029153120414247048
nihat	3 97 4 796 0.029153120414247048
nükleer	3 97 4 796 0.029153120414247048
san	3 97 4 796 0.029153120414247048
söylüyorum	3 97 4 796 0.029153120414247048
sürece	3 97 4 796 0.029153120414247048
tasar	6 94 8 792 0.029153120414247048
vizyon	3 97 4 796 0.029153120414247048
yaklaşım	6 94 8 792 0.029153120414247048
önlem	3 97 4 796 0.029153120414247048
temel	14 86 19 781 0.028858644450466774
say	16 84 22 778 0.02864166216136552
öneri	8 92 11 789 0.02864166216136552
toplu	18 82 25 775 0.028475140869729673
adalet	10 90 14 786 0.028343311513851294
sözleşme	5 95 7 793 0.028343311513851294
tedbir	5 95 7 793 0.028343311513851294
yanlış	9 91 13 787 0.027827978577235814
isteyen	13 87 19 781 0.027634728726005014
destekledik	4 96 6 794 0.027209579053297246
duyuru	4 96 6 794 0.027209579053297246
getirerek	4 96 6 794 0.027209579053297246
kaz	4 96 6 794 0.027209579053297246
masum	4 96 6 794 0.027209579053297246
paralel	4 96 6 794 0.027209579053297246
silahlı	8 92 12 788 0.027209579053297246
tavır	4 96 6 794 0.027209579053297246
özlem	4 96 6 794 0.027209579053297246
çağrı	6 94 9 791 0.027209579053297243
gündem	25 75 38 762 0.02699363001319171
alın	7 93 11 789 0.026453757412927877
başkanlık	27 73 43 757 0.026237808372822344
gençlik	5 95 8 792 0.02616305678201658
iade	5 95 8 792 0.02616305678201658
sal	5 95 8 792 0.02616305678201658
söyledik	5 95 8 792 0.02616305678201658
ırak	5 95 8 792 0.02616305678201658
alarak	11 89 18 782 0.02580218703329911
aykırı	3 97 5 795 0.025508980362466165
dilekçe	3 97 5 795 0.025508980362466165
diyen	15 85 25 775 0.025508980362466165
doğrultu	6 94 10 790 0.025508980362466165
gerçekleştir	3 97 5 795 0.025508980362466165
gösteren	9 91 15 785 0.025508980362466165
hariç	3 97 5 795 0.025508980362466165
holding	3 97 5 795 0.025508980362466165
inşa	3 97 5 795 0.025508980362466165
ithal	3 97 5 795 0.025508980362466165
sinyal	3 97 5 795 0.025508980362466165
tecrübe	3 97 5 795 0.025508980362466165
verecek	6 94 10 790 0.025508980362466165
çıkarılma	3 97 5 795 0.025508980362466165
önleme	3 97 5 795 0.025508980362466165
mustafa	13 87 22 778 0.02526603769234744
kamu	14 86 24 776 0.02506145439119483
seçilme	7 93 12 788 0.02506145439119483
arka	11 89 19 781 0.024942114132189143
politika	15 85 26 774 0.024886810109723087
bozma	4 96 7 793 0.02473598095754295
hatırlatan	4 96 7 793 0.02473598095754295
kanunu	4 96 7 793 0.02473598095754295
komşu	4 96 7 793 0.02473598095754295
sert	8 92 14 786 0.02473598095754295
seçme	4 96 7 793 0.02473598095754295
tane	4 96 7 793 0.02473598095754295
temsil	4 96 7 793 0.02473598095754295
yürüttük	4 96 7 793 0.02473598095754295
ömer	8 92 14 786 0.02473598095754295
madde	9 91 16 784 0.02448862114796752
dışarı	10 90 18 782 0.02429426701187254
gaz	5 95 9 791 0.02429426701187254
hesap	10 90 18 782 0.02429426701187254
yanıtla	5 95 9 791 0.02429426701187254
yürüyüş	5 95 9 791 0.02429426701187254
çelik	5 95 9 791 0.02429426701187254
lider	11 89 20 780 0.02413752980534433
yardımcı	29 71 53 747 0.02405724977273232
kimlik	6 94 11 789 0.02400845210585051
milli	19 81 35 765 0.02393435194502998
gül	7 93 13 787 0.02380838167163509
isteme	7 93 13 787 0.02380838167163509
yapılma	14 86 26 774 0.02380838167163509
dışişleri	8 92 15 785 0.0236605035246063
kamuoy	8 92 15 785 0.0236605035246063
değişiklik	17 83 32 768 0.023600145097247612
katılan	11 89 21 779 0.02338323199892732
lazım	11 89 21 779 0.02338323199892732
mesaj	20 80 39 761 0.023058965299404443
atma	3 97 6 794 0.022674649211081036
bağımsız	3 97 6 794 0.022674649211081036
denet	3 97 6 794 0.022674649211081036
denil	3 97 6 794 0.022674649211081036
din	4 96 8 792 0.022674649211081036
düzen	3 97 6 794 0.022674649211081036
düşündük	3 97 6 794 0.022674649211081036
düşünül	3 97 6 794 0.022674649211081036
hasa	4 96 8 792 0.022674649211081036
hazırlanan	4 96 8 792 0.022674649211081036
heyet	4 96 8 792 0.022674649211081036
hüseyin	3 97 6 794 0.022674649211081036
inandık	4 96 8 792 0.022674649211081036
inşallah	3 97 6 794 0.022674649211081036
kamp	4 96 8 792 0.022674649211081036
kapsamlı	3 97 6 794 0.022674649211081036
seçil	3 97 6 794 0.022674649211081036
seçilen	3 97 6 794 0.022674649211081036
stratejik	3 97 6 794 0.022674649211081036
sulta	3 97 6 794 0.022674649211081036
sun	8 92 16 784 0.022674649211081036
toplan	6 94 12 788 0.022674649211081036
van	5 95 10 790 0.022674649211081036
varlık	6 94 12 788 0.022674649211081036
yaşandık	5 95 10 790 0.022674649211081036
çıkar	5 95 10 790 0.022674649211081036
şeker	3 97 6 794 0.022674649211081036
süren	11 89 23 777 0.022007747763696302
kan	8 92 17 783 0.021767663242637795
bakan	31 69 66 734 0.021739612130211715
barış	7 93 15 785 0.021643983337850083
düşen	7 93 15 785 0.021643983337850083
kongre	7 93 15 785 0.021643983337850083
mevcut	7 93 15 785 0.021643983337850083
tehlike	7 93 15 785 0.021643983337850083
ziyaret	14 86 30 770 0.021643983337850083
değerlendirme	13 87 28 772 0.021568568761760012
sokak	13 87 28 772 0.021568568761760012
edebil	6 94 13 787 0.02148124662102414
getirdik	5 95 11 789 0.02125748363538847
kardeş	5 95 11 789 0.02125748363538847
kritik	5 95 11 789 0.02125748363538847
tartışma	10 90 22 778 0.02125748363538847
plan	14 86 31 769 0.021163005930342302
çaba	9 91 20 780 0.021110880299971997
seçim	13 87 29 771 0.021055031410289533
attık	4 96 9 791 0.020930445425613266
aşama	4 96 9 791 0.020930445425613266
ertuğrul	4 96 9 791 0.020930445425613266
mart	4 96 9 791 0.020930445425613266
vererek	4 96 9 791 0.020930445425613266
verildik	4 96 9 791 0.020930445425613266
öncelik	4 96 9 791 0.020930445425613266
gazeteci	12 88 27 773 0.020930445425613262
tepki	11 89 25 775 0.02078509511015762
toplantı	25 75 57 743 0.02073900842476924
ek	27 73 62 738 0.02063647849547825
sor	16 84 37 763 0.02053553136097905
iddia	25 75 58 742 0.02048914085338648
artırılma	3 97 7 793 0.020407184289972933
cesaret	3 97 7 793 0.020407184289972933
damga	3 97 7 793 0.020407184289972933
düzenlenme	3 97 7 793 0.020407184289972933
edeme	3 97 7 793 0.020407184289972933
ihlal	3 97 7 793 0.020407184289972933
ilan	3 97 7 793 0.020407184289972933
kavga	3 97 7 793 0.020407184289972933
koltuk	3 97 7 793 0.020407184289972933
kültürel	3 97 7 793 0.020407184289972933
planla	3 97 7 793 0.020407184289972933
reji	3 97 7 793 0.020407184289972933
konuşma	17 83 40 760 0.020287844030967245
alınma	8 92 19 781 0.020155243743183143
gitme	8 92 19 781 0.020155243743183143
genel	54 46 129 671 0.020072640285219278
beklenti	5 95 12 788 0.02000704342154209
bugün	40 60 96 704 0.02000704342154209
etmek	20 80 48 752 0.02000704342154209
uy	5 95 12 788 0.02000704342154209
geçme	7 93 17 783 0.019840318059695907
izmir	7 93 17 783 0.019840318059695907
na	7 93 17 783 0.019840318059695907
seçi	11 89 27 773 0.019691142735938794
adnan	4 96 10 790 0.01943541360949803
başlat	4 96 10 790 0.01943541360949803
düşünce	4 96 10 790 0.01943541360949803
hukuk	6 94 15 785 0.01943541360949803
kullanma	8 92 20 780 0.01943541360949803
kurban	8 92 20 780 0.01943541360949803
sanayi	6 94 15 785 0.01943541360949803
sağlama	4 96 10 790 0.01943541360949803
trabzon	4 96 10 790 0.01943541360949803
güç	24 76 62 738 0.01898342724648645
hazırlık	5 95 13 787 0.0188955410092342
idare	5 95 13 787 0.0188955410092342
olumlu	5 95 13 787 0.0188955410092342
mücadele	18 82 47 753 0.018837400883051938
emir	8 92 21 779 0.018765226933308444
geçmiş	8 92 21 779 0.018765226933308444
yanıt	8 92 21 779 0.018765226933308444
arazi	3 97 8 792 0.01855198571815721
başar	3 97 8 792 0.01855198571815721
bekleyen	3 97 8 792 0.01855198571815721
cinayet	3 97 8 792 0.01855198571815721
deprem	3 97 8 792 0.01855198571815721
düzenleme	6 94 16 784 0.01855198571815721
helikopter	3 97 8 792 0.01855198571815721
kol	3 97 8 792 0.01855198571815721
kural	3 97 8 792 0.01855198571815721
nesil	3 97 8 792 0.01855198571815721
nüfus	3 97 8 792 0.01855198571815721
seyahat	3 97 8 792 0.01855198571815721
sunu	3 97 8 792 0.01855198571815721
suriye	12 88 32 768 0.01855198571815721
söyleme	3 97 8 792 0.01855198571815721
süt	3 97 8 792 0.01855198571815721
toplum	3 97 8 792 0.01855198571815721
vurgula	12 88 32 768 0.01855198571815721
yara	3 97 8 792 0.01855198571815721
kurum	7 93 19 781 0.01831413974741161
ceza	11 89 30 770 0.018250327413796934
talep	15 85 41 759 0.018220700258904404
bak	12 88 33 767 0.01813971936886483
değer	8 92 22 778 0.01813971936886483
düzenle	4 96 11 789 0.01813971936886483
tip	4 96 11 789 0.01813971936886483
vakıf	4 96 11 789 0.01813971936886483
yarış	4 96 11 789 0.01813971936886483
rapor	9 91 25 775 0.01800633907938788
giden	5 95 14 786 0.01790103885085345
çarşamba	5 95 14 786 0.01790103885085345
ilişki	35 65 98 702 0.017901038850853448
gerekli	6 94 17 783 0.017745377643454723
kapalı	6 94 17 783 0.017745377643454723
nere	6 94 17 783 0.017745377643454723
ordu	6 94 17 783 0.017745377643454723
sunduk	6 94 17 783 0.017745377643454723
devlet	25 75 71 729 0.01771456969615706
bekledik	7 93 20 780 0.01763583827528525
düzenledik	7 93 20 780 0.01763583827528525
halk	21 79 60 740 0.01763583827528525
kurulu	14 86 40 760 0.01763583827528525
görme	8 92 23 777 0.017554567131159514
çöz	9 91 26 774 0.017491872248548226
gereken	10 90 29 771 0.01744203785467772
ab	3 97 9 791 0.017005986908310778
artan	4 96 12 788 0.017005986908310778
bildiren	5 95 15 785 0.017005986908310778
değerli	3 97 9 791 0.017005986908310778
duvar	4 96 12 788 0.017005986908310778
eleştiri	5 95 15 785 0.017005986908310778
emniyet	8 92 24 776 0.017005986908310778
içeren	3 97 9 791 0.017005986908310778
kapsam	13 87 39 761 0.017005986908310778
kor	3 97 9 791 0.017005986908310778
mayıs	6 94 18 782 0.017005986908310778
olama	3 97 9 791 0.017005986908310778
olmama	3 97 9 791 0.017005986908310778
orman	3 97 9 791 0.017005986908310778
sorumlu	6 94 18 782 0.017005986908310778
süreci	13 87 39 761 0.017005986908310778
yangı	3 97 9 791 0.017005986908310778
çoğunluk	5 95 15 785 0.017005986908310778
çıkarma	4 96 12 788 0.017005986908310778
eğitim	18 82 54 746 0.017005986908310775
yeni	21 79 64 736 0.016805916474095357
başka	68 32 209 591 0.016699019635597587
kuruluş	12 88 37 763 0.016658925950998313
mümkün	11 89 34 766 0.016628076088126095
kes	9 91 28 772 0.016546365640518593
bura	8 92 25 775 0.0164906539716953
yönelik	15 85 47 753 0.016457406685462042
karşılık	7 93 22 778 0.01641957356664489
yok	32 68 101 699 0.01636666409220887
getirme	6 94 19 781 0.016325747431978347
katkı	12 88 38 762 0.016325747431978347
masa	6 94 19 781 0.016325747431978347
savaş	6 94 19 781 0.016325747431978347
sorumluluk	6 94 19 781 0.016325747431978347
şekli	16 84 51 749 0.016244524807938653
geldik	21 79 67 733 0.01623298750338756
ileri	14 86 45 755 0.01614127570958311
can	9 91 29 771 0.016110934965768105
sıkıntı	9 91 29 771 0.016110934965768105
bil	8 92 26 774 0.016005634737233675
cuma	4 96 13 787 0.016005634737233675
gerekçe	8 92 26 774 0.016005634737233675
ihtiyaç	16 84 52 748 0.016005634737233675
imza	8 92 26 774 0.016005634737233675
içerik	4 96 13 787 0.016005634737233675
mahalle	4 96 13 787 0.016005634737233675
taşı	4 96 13 787 0.016005634737233675
teslim	4 96 13 787 0.016005634737233675
grup	27 73 88 712 0.01597083987910925
ifade	56 44 184 616 0.015872254447756726
işbirlik	7 93 23 777 0.015872254447756726
söyleyen	7 93 23 777 0.015872254447756726
verilme	7 93 23 777 0.015872254447756726
polis	10 90 33 767 0.015819522705405376
dair	9 91 30 770 0.015697834069209948
imkan	6 94 20 780 0.015697834069209948
ismail	3 97 10 790 0.015697834069209948
mark	3 97 10 790 0.015697834069209948
oğul	3 97 10 790 0.015697834069209948
rahat	3 97 10 790 0.015697834069209948
reddet	3 97 10 790 0.015697834069209948
soru	27 73 90 710 0.015697834069209948
kabul	14 86 47 753 0.015612053555170551
inan	8 92 27 773 0.015548330887598426
vatandaş	13 87 44 756 0.015514233670739657
enerji	5 95 17 783 0.015459988098464343
yapıldık	10 90 34 766 0.015459988098464343
yorum	5 95 17 783 0.015459988098464343
süreç	7 93 24 776 0.015360246239764574
tarih	30 70 103 697 0.015343747586445813
sınır	9 91 31 769 0.015305388217479699
açılma	4 96 14 786 0.015116432807387357
açılış	4 96 14 786 0.015116432807387357
başlama	4 96 14 786 0.015116432807387357
birbiri	8 92 28 772 0.015116432807387357
değerlendiren	4 96 14 786 0.015116432807387357
duyduk	4 96 14 786 0.015116432807387357
modern	4 96 14 786 0.015116432807387357
suç	10 90 35 765 0.015116432807387357
tatil	4 96 14 786 0.015116432807387357
içeri	19 81 67 733 0.015028546570135104
amacı	15 85 53 747 0.015005282566156568
oy	13 87 46 754 0.014988327444612889
gerek	23 77 82 718 0.014900483767281826
ilçe	12 88 43 757 0.014841588574525768
git	15 85 54 746 0.014787814702878937
iz	10 90 36 764 0.014787814702878937
yılma	5 95 18 782 0.014787814702878937
yazılı	8 92 29 771 0.014707880569349862
yapıl	26 74 95 705 0.014616716020366289
ağırlık	3 97 11 789 0.014576560207123524
faruk	3 97 11 789 0.014576560207123524
hayal	6 94 22 778 0.014576560207123524
nitelik	3 97 11 789 0.014576560207123524
perşembe	3 97 11 789 0.014576560207123524
temsilci	6 94 22 778 0.014576560207123524
yardım	3 97 11 789 0.014576560207123524
hak	36 64 132 668 0.014576560207123522
aa	34 66 125 675 0.014546001380693497
öğrenci	7 93 26 774 0.014429322225233387
katıl	11 89 41 759 0.01438968123010912
şekil	28 72 105 695 0.014320831080682762
ayak	8 92 30 770 0.01432083108068276
bırakma	4 96 15 785 0.01432083108068276
konuk	4 96 15 785 0.01432083108068276
mesele	4 96 15 785 0.01432083108068276
salon	8 92 30 770 0.01432083108068276
yazdık	4 96 15 785 0.01432083108068276
kullan	17 83 64 736 0.014276630984754728
insan	30 70 113 687 0.014270758244736316
dün	13 87 49 751 0.014263085794067104
er	9 91 34 766 0.014237570434864837
kişilik	5 95 19 781 0.014171655756925647
yarı	5 95 19 781 0.014171655756925647
hareket	11 89 42 758 0.014118177810673099
hizmet	17 83 66 734 0.013932615780302807
görev	18 82 70 730 0.013913989288617907
tam	12 88 47 753 0.013835379179642665
güvenlik	16 84 63 737 0.013777002052302402
ankara	17 83 67 733 0.013766751306727772
et	38 62 150 650 0.013749521330123606
benze	4 96 16 784 0.013604789526648623
doğru	16 84 64 736 0.013604789526648623
kafa	4 96 16 784 0.013604789526648623
kayıt	4 96 16 784 0.013604789526648623
asıl	3 97 12 788 0.013604789526648621
ayrı	6 94 24 776 0.013604789526648621
ayrılan	3 97 12 788 0.013604789526648621
gösteri	3 97 12 788 0.013604789526648621
heyecan	3 97 12 788 0.013604789526648621
kasım	5 95 20 780 0.013604789526648621
kaybettik	3 97 12 788 0.013604789526648621
kaydeden	6 94 24 776 0.013604789526648621
köy	5 95 20 780 0.013604789526648621
olmadık	13 87 52 748 0.013604789526648621
personel	3 97 12 788 0.013604789526648621
rusya	3 97 12 788 0.013604789526648621
sağlan	3 97 12 788 0.013604789526648621
silah	5 95 20 780 0.013604789526648621
uç	3 97 12 788 0.013604789526648621
vermek	6 94 24 776 0.013604789526648621
yüksel	3 97 12 788 0.013604789526648621
bas	19 81 77 723 0.013463072969079365
mehmet	11 89 45 755 0.013361846856529897
almak	8 92 33 767 0.013272965391852314
karşı	28 72 116 684 0.013226878706463939
ciddi	11 89 46 754 0.013127428490625865
türk	27 73 113 687 0.013118904186411172
soruşturma	5 95 21 779 0.01308152839100829
ver	40 60 169 631 0.013018937346075236
anlaşma	4 96 17 783 0.012956942406332021
gerektik	16 84 68 732 0.012956942406332021
kullanmak	4 96 17 783 0.012956942406332021
kurulan	4 96 17 783 0.012956942406332021
mali	4 96 17 783 0.012956942406332021
tehdit	4 96 17 783 0.012956942406332021
deva	40 60 171 629 0.012895535096349404
alıp	3 97 13 787 0.012754490181233083
bilme	3 97 13 787 0.012754490181233083
davet	3 97 13 787 0.012754490181233083
getiril	3 97 13 787 0.012754490181233083
hakan	3 97 13 787 0.012754490181233083
kurucu	3 97 13 787 0.012754490181233083
obama	3 97 13 787 0.012754490181233083
yurt	6 94 26 774 0.012754490181233083
verdik	20 80 87 713 0.01271475656696133
abdullah	5 95 22 778 0.012597027339489465
büyüme	5 95 22 778 0.012597027339489465
çıkma	12 88 53 747 0.012558267255367959
taraf	7 93 31 769 0.012530727195597415
üye	14 86 62 738 0.012530727195597415
yönetim	16 84 71 729 0.012510151288872296
söz	27 73 120 680 0.012494194463248735
iç	24 76 107 693 0.012462402619830799
açıklama	41 59 183 617 0.012450811843584677
ahmet	6 94 27 773 0.012367990478771474
aziz	4 96 18 782 0.012367990478771474
belli	6 94 27 773 0.012367990478771474
giderek	4 96 18 782 0.012367990478771474
pay	4 96 18 782 0.012367990478771474
sorun	10 90 45 755 0.012367990478771474
yön	12 88 54 746 0.012367990478771474
çerçeve	4 96 18 782 0.012367990478771474
öğrenil	6 94 27 773 0.012367990478771474
program	13 87 59 741 0.012282101656002228
bakanlık	11 89 50 750 0.012266613507634003
göster	11 89 50 750 0.012266613507634003
nda	9 91 41 759 0.01224431057398376
okul	9 91 41 759 0.01224431057398376
kas	19 81 87 713 0.012192971745581312
aile	12 88 55 745 0.012183393605953989
zor	17 83 78 722 0.012172706418580348
yaşam	5 95 23 777 0.01214713350593627
bulduk	3 97 14 786 0.012004226052925254
dosya	3 97 14 786 0.012004226052925254
ekonomik	6 94 28 772 0.012004226052925254
gerçekleştirdik	3 97 14 786 0.012004226052925254
hedef	9 91 42 758 0.012004226052925254
miktar	3 97 14 786 0.012004226052925254
sev	3 97 14 786 0.012004226052925254
seyirci	3 97 14 786 0.012004226052925254
çin	3 97 14 786 0.012004226052925254
şehir	7 93 33 767 0.011904190835817546
altyapı	4 96 19 781 0.01183025176230315
şart	4 96 19 781 0.01183025176230315
belirterek	18 82 86 714 0.01177337555190746
be	5 95 24 776 0.011728266833317777
koy	10 90 48 752 0.011728266833317777
yap	23 77 111 689 0.011675752205705908
diyerek	6 94 29 771 0.011661248165698818
ettik	6 94 29 771 0.011661248165698818
tabii	6 94 29 771 0.011661248165698818
ulusal	6 94 29 771 0.011661248165698818
yaşayan	6 94 29 771 0.011661248165698818
yönetici	6 94 29 771 0.011661248165698818
kalma	7 93 34 766 0.011613844717870775
yar	14 86 68 732 0.011613844717870775
konuş	32 68 156 644 0.011578544277998827
ora	12 88 59 741 0.011497005233787567
sosyal	13 87 64 736 0.011484562587430655
belirten	18 82 89 711 0.011443280910265195
bulunduk	20 80 99 701 0.011432596240881195
ülke	35 65 174 626 0.01139157017781583
birlik	29 71 145 655 0.011337324605540518
cumartesi	3 97 15 785 0.011337324605540518
dön	5 95 25 775 0.011337324605540518
düşme	3 97 15 785 0.011337324605540518
girdik	3 97 15 785 0.011337324605540518
görevli	3 97 15 785 0.011337324605540518
iste	21 79 105 695 0.011337324605540518
kriz	6 94 30 770 0.011337324605540518
kullanan	4 96 20 780 0.011337324605540518
merkez	19 81 95 705 0.011337324605540518
nisa	3 97 15 785 0.011337324605540518
nun	8 92 40 760 0.011337324605540518
saldırı	5 95 25 775 0.011337324605540518
sistem	12 88 60 740 0.011337324605540518
tut	4 96 20 780 0.011337324605540518
türkiye	48 52 240 560 0.011337324605540518
uluslararası	12 88 60 740 0.011337324605540518
verilen	8 92 40 760 0.011337324605540518
verme	15 85 75 725 0.011337324605540518
vurgulayan	9 91 45 755 0.011337324605540518
ölü	10 90 50 750 0.011337324605540518
ad	21 79 106 694 0.011248054333055948
tek	20 80 101 699 0.011243627707974067
geç	16 84 81 719 0.011220444970431854
gerçek	13 87 66 734 0.011193814167495701
konu	43 57 219 581 0.01116423568026509
bul	20 80 102 698 0.01115146682512182
kaydet	20 80 102 698 0.01115146682512182
sebep	7 93 36 764 0.011073665893783762
gel	38 62 196 604 0.011046623974629223
asker	6 94 31 769 0.011030910427012396
birinci	6 94 31 769 0.011030910427012396
hazırlan	5 95 26 774 0.010971604456974695
ticaret	5 95 26 774 0.010971604456974695
olma	29 71 152 648 0.01089886453792293
gösterdik	4 96 21 779 0.010883831621318897
arkadaş	11 89 58 742 0.010844397448777887
nokta	11 89 58 742 0.010844397448777887
acil	3 97 16 784 0.01074062331051207
antalya	3 97 16 784 0.01074062331051207
bulun	12 88 64 736 0.01074062331051207
kaynak	6 94 32 768 0.01074062331051207
kazanma	3 97 16 784 0.01074062331051207
kötü	6 94 32 768 0.01074062331051207
ocak	3 97 16 784 0.01074062331051207
türlü	3 97 16 784 0.01074062331051207
çatışma	3 97 16 784 0.01074062331051207
aday	5 95 27 773 0.010628741817694236
resim	7 93 38 762 0.010581502965171151
orta	30 70 163 637 0.010573670616566286
ait	11 89 60 740 0.010538921464305271
genç	11 89 60 740 0.010538921464305271
ol	34 66 186 614 0.010512791906955754
etme	19 81 104 696 0.010507764268549748
faaliyet	8 92 44 756 0.010465222712806633
kullandık	4 96 22 778 0.010465222712806633
trafik	4 96 22 778 0.010465222712806633
yapma	16 84 88 712 0.010465222712806633
durum	13 87 72 728 0.010403662579201887
haf	13 87 72 728 0.010403662579201887
güzel	9 91 50 750 0.010376534384732
bildir	10 90 56 744 0.010306658732309562
risk	5 95 28 772 0.010306658732309562
yaşanan	5 95 28 772 0.010306658732309562
ateş	3 97 17 783 0.010203592144986466
dil	21 79 119 681 0.010203592144986466
ekim	3 97 17 783 0.010203592144986466
istedik	7 93 40 760 0.010131226243248975
girme	4 96 23 777 0.010077621871591572
süresi	4 96 23 777 0.010077621871591572
açıkla	9 91 52 748 0.010036320142609639
gün	43 57 249 551 0.010017225165169362
çalışma	26 74 151 649 0.009992218296408593
alma	16 84 93 707 0.00998516662506321
eylül	6 94 35 765 0.009954724043889236
kaldık	6 94 35 765 0.009954724043889236
meydan	7 93 41 759 0.009920159029847954
güçlü	8 92 47 753 0.00989439238301718
veren	11 89 65 735 0.009845571367969397
yol	23 77 136 664 0.00983994211046913
araştırma	13 87 77 723 0.009825681324801782
gelişme	7 93 42 758 0.009717706804749017
edil	12 88 72 728 0.009717706804749015
edildik	5 95 30 770 0.009717706804749015
edilme	3 97 18 782 0.009717706804749015
ekonomi	6 94 36 764 0.009717706804749015
kaydedil	3 97 18 782 0.009717706804749015
pazar	5 95 30 770 0.009717706804749015
su	8 92 48 752 0.009717706804749015
top	3 97 18 782 0.009717706804749015
veril	8 92 48 752 0.009717706804749015
ölüm	3 97 18 782 0.009717706804749015
kazan	7 93 43 757 0.009523352668654035
ağır	5 95 31 769 0.0094477705046171
gör	9 91 56 744 0.009418700441525969
çalışan	9 91 56 744 0.009418700441525969
bey	4 96 25 775 0.009382613466654222
müdahale	4 96 25 775 0.009382613466654222
sürdür	4 96 25 775 0.009382613466654222
tamamen	4 96 25 775 0.009382613466654222
alt	20 80 126 674 0.00931834899085522
baş	23 77 145 655 0.00931280235455114
zaman	28 72 177 623 0.009291075774296621
dahil	6 94 38 762 0.009275992859078605
düştük	3 97 19 781 0.009275992859078605
inceleme	3 97 19 781 0.009275992859078605
kullanıl	3 97 19 781 0.009275992859078605
oran	6 94 38 762 0.009275992859078605
duru	17 83 108 692 0.009251256878121063
anlam	8 92 51 749 0.009223586119761778
çıkan	13 87 83 717 0.009211576242001671
not	5 95 32 768 0.009192425355843664
kültür	7 93 45 755 0.009157069873705804
uygun	7 93 45 755 0.009157069873705804
fiyat	4 96 26 774 0.009069859684432415
tercih	6 94 39 761 0.009069859684432415
alan	31 69 203 597 0.009011719558250156
açık	9 91 59 741 0.00900316953969394
belirt	17 83 112 688 0.008964396199729713
söyle	31 69 205 595 0.008935349053519222
ye	35 65 233 567 0.00888372450434145
aktar	3 97 20 780 0.008872688821727362
sözcü	3 97 20 780 0.008872688821727362
zafer	3 97 20 780 0.008872688821727362
bilgi	20 80 134 666 0.008834278913408196
karar	11 89 74 726 0.00880309910547852
kuzey	4 96 27 773 0.008777283565579757
para	8 92 54 746 0.008777283565579757
uyarı	4 96 27 773 0.008777283565579757
çeken	8 92 54 746 0.008777283565579757
saat	12 88 81 719 0.008777283565579755
düzenlenen	9 91 61 739 0.008745936124274113
giriş	5 95 34 766 0.00872101892733886
olay	12 88 82 718 0.00868390820849912
yapan	13 87 89 711 0.008669718816001573
üzeri	33 67 228 572 0.008600729011099704
çalış	12 88 83 717 0.008592498648409656
ara	39 61 270 530 0.008585546788661752
aç	7 93 49 751 0.008502993454155389
ağustos	3 97 21 779 0.008502993454155389
bit	3 97 21 779 0.008502993454155389
gece	6 94 42 758 0.008502993454155389
getiren	7 93 49 751 0.008502993454155389
gören	3 97 21 779 0.008502993454155389
kal	10 90 70 730 0.008502993454155389
merak	3 97 21 779 0.008502993454155389
saha	3 97 21 779 0.008502993454155389
tür	6 94 42 758 0.008502993454155389
ulaşma	3 97 21 779 0.008502993454155389
sür	16 84 113 687 0.0084370787762162
getir	14 86 99 701 0.008427745724472599
el	26 74 184 616 0.008422012564115814
hal	24 76 171 629 0.008372178170245305
çocuk	13 87 93 707 0.00834255961539774
anlatan	6 94 43 757 0.008329462975499156
te	5 95 36 764 0.008295603369907697
bulunma	4 96 29 771 0.00824532698584765
proje	8 92 58 742 0.00824532698584765
ulaş	4 96 29 771 0.00824532698584765
veri	4 96 29 771 0.00824532698584765
yer	20 80 145 655 0.008245326985847649
geniş	3 97 22 778 0.008162873715989174
hafta	6 94 44 756 0.008162873715989174
deniz	5 95 37 763 0.008098089003957512
hemen	5 95 37 763 0.008098089003957512
sağla	5 95 37 763 0.008098089003957512
dikkat	19 81 141 659 0.00807784378144762
fark	7 93 52 748 0.008070637854791556
düş	9 91 67 733 0.008055467482884052
başla	15 85 112 688 0.008034324523611391
boy	8 92 60 740 0.008002817368616837
isim	8 92 60 740 0.008002817368616837
yeterli	4 96 30 770 0.008002817368616837
an	20 80 152 648 0.007909761352702688
savunma	3 97 23 777 0.007848917034604974
gördük	4 96 31 769 0.007774165443799213
model	4 96 31 769 0.007774165443799213
zarar	4 96 31 769 0.007774165443799213
göz	9 91 70 730 0.007749563654420101
önem	5 95 39 761 0.007729994049232172
art	21 79 164 636 0.007721637298908677
ada	11 89 86 714 0.007714055917171899
iş	19 81 150 650 0.007647662751666385
gelme	7 93 56 744 0.00755821640369368
sayı	14 86 112 688 0.00755821640369368
dernek	4 96 32 768 0.007558216403693679
geliş	4 96 32 768 0.007558216403693679
ın	13 87 104 696 0.007558216403693679
istanbul	15 85 122 678 0.007447877478092311
dan	7 93 57 743 0.007440119272385966
açı	5 95 41 759 0.007393907351439469
sahip	15 85 123 677 0.007393907351439469
iyi	18 82 148 652 0.007376090707219131
kadro	4 96 33 767 0.007353940284674931
olabil	8 92 66 734 0.007353940284674931
nin	15 85 124 676 0.007340713773371558
hayat	17 83 141 659 0.007319032340285652
dava	3 97 25 775 0.007288280103561762
fikir	3 97 25 775 0.007288280103561762
görüntü	3 97 25 775 0.007288280103561762
kampanya	3 97 25 775 0.007288280103561762
küresel	3 97 25 775 0.007288280103561762
sabah	3 97 25 775 0.007288280103561762
teknoloji	6 94 50 750 0.007288280103561762
çık	17 83 142 658 0.0072730006903467485
büyük	26 74 218 582 0.007248453436329184
dış	13 87 109 691 0.007248453436329184
tespit	5 95 42 758 0.007236590173749267
geçtik	7 93 59 741 0.0072146611126166936
üst	6 94 51 749 0.00716041554034138
özel	11 89 94 706 0.007126318323482612
al	27 73 231 569 0.007118785217432419
değiş	5 95 43 757 0.007085827878462824
eş	5 95 43 757 0.007085827878462824
tan	3 97 26 774 0.007036960099990666
örnek	6 94 52 748 0.007036960099990666
yıl	40 60 348 452 0.007012778106519908
eski	8 92 70 730 0.006976815141871089
ikinci	8 92 70 730 0.006976815141871089
kur	8 92 70 730 0.006976815141871089
at	5 95 44 756 0.006941219146249297
yük	9 91 80 720 0.006878826165159415
yak	12 88 107 693 0.006859557744528717
beklen	4 96 36 764 0.0068023947633243115
kent	4 96 36 764 0.0068023947633243115
ses	4 96 36 764 0.0068023947633243115
has	3 97 27 773 0.006802394763324311
katıldık	3 97 27 773 0.006802394763324311
saye	5 95 45 755 0.006802394763324311
tekrar	5 95 45 755 0.006802394763324311
spor	6 94 55 745 0.006690880095073092
olduk	11 89 101 699 0.006680923428264949
avrupa	8 92 74 726 0.006636482695926157
çevre	4 96 37 763 0.006636482695926157
bakanlığı	3 97 28 772 0.006582962674184817
hava	3 97 28 772 0.006582962674184817
yen	24 76 225 575 0.006556525073083673
geri	7 93 66 734 0.006522844293598655
önemli	19 81 180 620 0.006494748769003111
destek	8 92 76 724 0.0064784712031660105
müdürlük	5 95 48 752 0.006417353550305953
aldık	12 88 116 684 0.006377245090616541
başarı	6 94 58 742 0.006377245090616541
düzey	3 97 29 771 0.006377245090616541
gelecek	6 94 58 742 0.006377245090616541
hazır	3 97 29 771 0.006377245090616541
oluş	3 97 29 771 0.006377245090616541
bekle	4 96 39 761 0.00632780908216215
sağlık	9 91 88 712 0.006311500295867917
düşün	5 95 49 751 0.006298513669744732
olacak	7 93 69 731 0.006265363597798708
dönüş	4 96 40 760 0.006183995239385737
görül	3 97 30 770 0.006183995239385737
kaybet	3 97 30 770 0.006183995239385737
müdür	7 93 70 730 0.006183995239385737
sonuç	14 86 140 660 0.006183995239385737
uz	8 92 80 720 0.006183995239385737
yaşa	10 90 100 700 0.006183995239385737
bulunan	11 89 111 689 0.006133306753817002
yaş	10 90 101 699 0.006128283570562442
yaz	6 94 61 739 0.0060916968029769945
çek	8 92 82 718 0.0060465731229549435
dönem	13 87 134 666 0.006015723260082724
fatih	3 97 31 769 0.006002113026462627
sat	3 97 31 769 0.006002113026462627
televizyon	3 97 31 769 0.006002113026462627
yi	3 97 31 769 0.006002113026462627
edilen	8 92 83 717 0.005980127264460933
gir	5 95 52 748 0.005967012950284483
uygulama	5 95 52 748 0.005967012950284483
yıllık	5 95 52 748 0.005967012950284483
bölüm	4 96 42 758 0.005915125881151575
yoğ	4 96 42 758 0.005915125881151575
rakam	4 96 43 757 0.005789272138999413
sahne	4 96 43 757 0.005789272138999413
ay	18 82 194 606 0.005775618195275358
araç	5 95 54 746 0.005764741324851111
anadolu	3 97 33 767 0.005668662302770259
belirtil	5 95 55 745 0.005668662302770259
ortak	3 97 33 767 0.005668662302770259
süre	4 96 44 756 0.005668662302770259
yaklaşık	6 94 66 734 0.005668662302770259
yaşadık	5 95 56 744 0.00557573341256091
bağlı	4 96 45 755 0.005552975316999438
taş	4 96 45 755 0.005552975316999438
çalıştık	3 97 34 766 0.005515455213506198
den	5 95 57 743 0.005485802228487348
gelen	14 86 160 640 0.00547319118888163
in	11 89 126 674 0.005461776817267695
kalan	3 97 35 765 0.005370311655256035
doğu	4 96 47 753 0.005335211579077891
sektör	4 96 47 753 0.005335211579077891
farklı	8 92 96 704 0.0052326113564033164
baba	3 97 36 764 0.005232611356403316
yaptık	3 97 36 764 0.005232611356403316
milyon	10 90 121 679 0.0051926677582628325
ev	8 92 97 703 0.005182776962532809
ayn	11 89 134 666 0.0051604374066598225
kişi	16 84 196 604 0.005133882840244763
site	4 96 49 751 0.005133882840244763
sıra	7 93 87 713 0.0050656131216244875
fotoğraf	4 96 50 750 0.005038810935795786
faz	10 90 127 673 0.0049652516520615406
nın	7 93 89 711 0.004960079514923977
geçen	10 90 128 672 0.004929271567626312
yan	6 94 77 723 0.004917393804812755
ali	3 97 39 761 0.004858853402374508
milyar	3 97 39 761 0.004858853402374508
yetkili	3 97 39 761 0.004858853402374508
ün	5 95 65 735 0.004858853402374508
topla	4 96 53 747 0.004773610360227587
etkinlik	3 97 40 760 0.0047458568116216125
gazete	3 97 40 760 0.0047458568116216125
işlem	3 97 40 760 0.0047458568116216125
konuşan	3 97 40 760 0.0047458568116216125
tak	5 95 67 733 0.00472388525230855
dünya	15 85 202 598 0.004702116195846298
özellik	8 92 108 692 0.004691306733327111
üniversite	6 94 81 719 0.004691306733327111
akşam	4 96 55 745 0.004611793059880889
biraz	3 97 42 758 0.004534929842216207
işaret	4 96 56 744 0.004534929842216207
yapı	4 96 58 742 0.0043886417827898785
bildiril	3 97 44 756 0.00434195410424956
mutlu	3 97 44 756 0.00434195410424956
dek	3 97 45 755 0.0042514967270776945
ilk	14 86 212 588 0.004213872862236299
bili	3 97 47 753 0.004081436857994587
rol	3 97 47 753 0.004081436857994587
alınan	4 96 63 737 0.004061131201984663
kadı	4 96 63 737 0.004061131201984663
abd	6 94 95 705 0.004041026592073848
bölge	6 94 98 702 0.003924458517302487
başladık	3 97 51 749 0.0037791082018468394
etki	4 96 68 732 0.0037791082018468394
anlat	4 96 69 731 0.003727339596342088
müzik	3 97 52 748 0.003710397143631442
internet	3 97 57 743 0.0034011973816621553
kar	4 96 79 721 0.0032782625365418367
haber	5 95 101 699 0.0032086767751529767
teknik	3 97 62 738 0.0031395668138419898
sır	3 97 75 725 0.002616305678201658
