ajans	3 97 0 800 0.06802394763324311
akış	5 95 0 800 0.06802394763324311
alkollü	3 97 0 800 0.06802394763324311
amaçlayan	3 97 0 800 0.06802394763324311
analist	3 97 0 800 0.06802394763324311
artacak	7 93 0 800 0.06802394763324311
artarak	4 96 0 800 0.06802394763324311
artarken	3 97 0 800 0.06802394763324311
artıracak	4 96 0 800 0.06802394763324311
artırma	8 92 0 800 0.06802394763324311
artışın	4 96 0 800 0.06802394763324311
arçelik	3 97 0 800 0.06802394763324311
asya	6 94 0 800 0.06802394763324311
autoshow	3 97 0 800 0.06802394763324311
avro	4 96 0 800 0.06802394763324311
ayakkabı	4 96 0 800 0.06802394763324311
azal	6 94 0 800 0.06802394763324311
azalarak	4 96 0 800 0.06802394763324311
azalt	4 96 0 800 0.06802394763324311
azalış	4 96 0 800 0.06802394763324311
azerbaycan	6 94 0 800 0.06802394763324311
açıklan	3 97 0 800 0.06802394763324311
açıklanan	3 97 0 800 0.06802394763324311
aşağı	7 93 0 800 0.06802394763324311
babacan	5 95 0 800 0.06802394763324311
bank	8 92 0 800 0.06802394763324311
bankası	4 96 0 800 0.06802394763324311
bağla	4 96 0 800 0.06802394763324311
bağımlılık	4 96 0 800 0.06802394763324311
bb	3 97 0 800 0.06802394763324311
bbb	5 95 0 800 0.06802394763324311
beklendik	4 96 0 800 0.06802394763324311
belge	6 94 0 800 0.06802394763324311
belirleme	3 97 0 800 0.06802394763324311
belirsizlik	3 97 0 800 0.06802394763324311
beyanname	3 97 0 800 0.06802394763324311
bilanço	3 97 0 800 0.06802394763324311
bileşik	3 97 0 800 0.06802394763324311
bilinç	4 96 0 800 0.06802394763324311
birim	7 93 0 800 0.06802394763324311
birincilik	3 97 0 800 0.06802394763324311
birleş	3 97 0 800 0.06802394763324311
bono	3 97 0 800 0.06802394763324311
borsa	8 92 0 800 0.06802394763324311
borçlanma	3 97 0 800 0.06802394763324311
bp	3 97 0 800 0.06802394763324311
bölgesel	5 95 0 800 0.06802394763324311
büyüyen	6 94 0 800 0.06802394763324311
cari	5 95 0 800 0.06802394763324311
cinsi	4 96 0 800 0.06802394763324311
ciro	5 95 0 800 0.06802394763324311
dahili	3 97 0 800 0.06802394763324311
dayanıklı	3 97 0 800 0.06802394763324311
dağıtım	3 97 0 800 0.06802394763324311
denetlen	3 97 0 800 0.06802394763324311
denge	5 95 0 800 0.06802394763324311
derecelendirme	13 87 0 800 0.06802394763324311
değerlendiril	3 97 0 800 0.06802394763324311
değişme	3 97 0 800 0.06802394763324311
distribütör	4 96 0 800 0.06802394763324311
dolarlık	12 88 0 800 0.06802394763324311
doğalgaz	4 96 0 800 0.06802394763324311
durağan	4 96 0 800 0.06802394763324311
döneme	3 97 0 800 0.06802394763324311
döviz	4 96 0 800 0.06802394763324311
edemedik	3 97 0 800 0.06802394763324311
ekipman	3 97 0 800 0.06802394763324311
ekonomist	4 96 0 800 0.06802394763324311
emekli	3 97 0 800 0.06802394763324311
endeks	10 90 0 800 0.06802394763324311
enflasyon	6 94 0 800 0.06802394763324311
enstitü	3 97 0 800 0.06802394763324311
esas	5 95 0 800 0.06802394763324311
etkilenen	4 96 0 800 0.06802394763324311
etkilenme	3 97 0 800 0.06802394763324311
etmedik	3 97 0 800 0.06802394763324311
faiz	8 92 0 800 0.06802394763324311
finans	5 95 0 800 0.06802394763324311
finansman	6 94 0 800 0.06802394763324311
fitch	11 89 0 800 0.06802394763324311
fon	8 92 0 800 0.06802394763324311
fren	4 96 0 800 0.06802394763324311
fuar	6 94 0 800 0.06802394763324311
fırtına	3 97 0 800 0.06802394763324311
fıtch	3 97 0 800 0.06802394763324311
ge	3 97 0 800 0.06802394763324311
geliştir	3 97 0 800 0.06802394763324311
gerile	10 90 0 800 0.06802394763324311
gerileme	3 97 0 800 0.06802394763324311
gerileyen	3 97 0 800 0.06802394763324311
getirmek	3 97 0 800 0.06802394763324311
geçirecek	5 95 0 800 0.06802394763324311
gider	4 96 0 800 0.06802394763324311
gidilecek	3 97 0 800 0.06802394763324311
girecek	3 97 0 800 0.06802394763324311
girişimcilik	4 96 0 800 0.06802394763324311
giyim	5 95 0 800 0.06802394763324311
global	7 93 0 800 0.06802394763324311
görünüm	8 92 0 800 0.06802394763324311
güneydoğu	3 97 0 800 0.06802394763324311
gürcistan	3 97 0 800 0.06802394763324311
güçlen	6 94 0 800 0.06802394763324311
hacim	6 94 0 800 0.06802394763324311
hafif	5 95 0 800 0.06802394763324311
harcadık	3 97 0 800 0.06802394763324311
hat	6 94 0 800 0.06802394763324311
havaalan	3 97 0 800 0.06802394763324311
hedefle	5 95 0 800 0.06802394763324311
hedefledik	3 97 0 800 0.06802394763324311
hindistan	6 94 0 800 0.06802394763324311
his	7 93 0 800 0.06802394763324311
hisse	4 96 0 800 0.06802394763324311
ihracat	15 85 0 800 0.06802394763324311
ihracatçı	5 95 0 800 0.06802394763324311
ihraç	6 94 0 800 0.06802394763324311
ilgilendir	3 97 0 800 0.06802394763324311
imkb	4 96 0 800 0.06802394763324311
indirim	4 96 0 800 0.06802394763324311
inovasyon	3 97 0 800 0.06802394763324311
iso	3 97 0 800 0.06802394763324311
istihdam	10 90 0 800 0.06802394763324311
istikrar	6 94 0 800 0.06802394763324311
ithalat	8 92 0 800 0.06802394763324311
iyileşme	3 97 0 800 0.06802394763324311
izlanda	3 97 0 800 0.06802394763324311
işadamları	3 97 0 800 0.06802394763324311
işsizlik	5 95 0 800 0.06802394763324311
kademeli	4 96 0 800 0.06802394763324311
kalabil	3 97 0 800 0.06802394763324311
kapama	3 97 0 800 0.06802394763324311
kapanış	4 96 0 800 0.06802394763324311
kapasiteli	3 97 0 800 0.06802394763324311
kapat	4 96 0 800 0.06802394763324311
kapsa	3 97 0 800 0.06802394763324311
karşılıklı	3 97 0 800 0.06802394763324311
katma	4 96 0 800 0.06802394763324311
kaynaklı	4 96 0 800 0.06802394763324311
kazandırdık	3 97 0 800 0.06802394763324311
kdv	3 97 0 800 0.06802394763324311
kentsel	3 97 0 800 0.06802394763324311
kimya	3 97 0 800 0.06802394763324311
km	3 97 0 800 0.06802394763324311
konferans	3 97 0 800 0.06802394763324311
koru	3 97 0 800 0.06802394763324311
kuruş	3 97 0 800 0.06802394763324311
kış	5 95 0 800 0.06802394763324311
lastik	3 97 0 800 0.06802394763324311
liralık	3 97 0 800 0.06802394763324311
lisans	3 97 0 800 0.06802394763324311
litre	3 97 0 800 0.06802394763324311
lojistik	3 97 0 800 0.06802394763324311
lokanta	3 97 0 800 0.06802394763324311
luk	5 95 0 800 0.06802394763324311
lüks	3 97 0 800 0.06802394763324311
maaş	3 97 0 800 0.06802394763324311
maden	3 97 0 800 0.06802394763324311
maliye	3 97 0 800 0.06802394763324311
mb	4 96 0 800 0.06802394763324311
memnu	5 95 0 800 0.06802394763324311
menkul	3 97 0 800 0.06802394763324311
merkezli	3 97 0 800 0.06802394763324311
metrekare	3 97 0 800 0.06802394763324311
metrekarelik	4 96 0 800 0.06802394763324311
mevzuat	3 97 0 800 0.06802394763324311
mezun	3 97 0 800 0.06802394763324311
moody	8 92 0 800 0.06802394763324311
motor	6 94 0 800 0.06802394763324311
mühendislik	3 97 0 800 0.06802394763324311
ndeki	3 97 0 800 0.06802394763324311
net	4 96 0 800 0.06802394763324311
nezdinde	3 97 0 800 0.06802394763324311
od	3 97 0 800 0.06802394763324311
odak	3 97 0 800 0.06802394763324311
otomotiv	4 96 0 800 0.06802394763324311
perakende	6 94 0 800 0.06802394763324311
petrol	8 92 0 800 0.06802394763324311
planlama	3 97 0 800 0.06802394763324311
planlan	3 97 0 800 0.06802394763324311
planlanan	5 95 0 800 0.06802394763324311
portekiz	4 96 0 800 0.06802394763324311
portföy	4 96 0 800 0.06802394763324311
pozitif	3 97 0 800 0.06802394763324311
radar	3 97 0 800 0.06802394763324311
reform	4 96 0 800 0.06802394763324311
resesyon	3 97 0 800 0.06802394763324311
rezerv	5 95 0 800 0.06802394763324311
sanayici	4 96 0 800 0.06802394763324311
satılan	4 96 0 800 0.06802394763324311
sayılı	3 97 0 800 0.06802394763324311
senet	3 97 0 800 0.06802394763324311
sermaye	7 93 0 800 0.06802394763324311
sevi	5 95 0 800 0.06802394763324311
sgk	3 97 0 800 0.06802394763324311
si	4 96 0 800 0.06802394763324311
sipariş	3 97 0 800 0.06802394763324311
sürdürülebil	8 92 0 800 0.06802394763324311
sürme	4 96 0 800 0.06802394763324311
tahvil	3 97 0 800 0.06802394763324311
takma	4 96 0 800 0.06802394763324311
takmayan	3 97 0 800 0.06802394763324311
tamamlanma	3 97 0 800 0.06802394763324311
tart	3 97 0 800 0.06802394763324311
tasarruf	6 94 0 800 0.06802394763324311
tekstil	3 97 0 800 0.06802394763324311
tescil	5 95 0 800 0.06802394763324311
teyit	5 95 0 800 0.06802394763324311
ticari	10 90 0 800 0.06802394763324311
tolerans	3 97 0 800 0.06802394763324311
ton	5 95 0 800 0.06802394763324311
tonluk	3 97 0 800 0.06802394763324311
tpao	4 96 0 800 0.06802394763324311
tren	3 97 0 800 0.06802394763324311
tutar	4 96 0 800 0.06802394763324311
tübitak	3 97 0 800 0.06802394763324311
tüik	3 97 0 800 0.06802394763324311
tüketilen	3 97 0 800 0.06802394763324311
tütün	3 97 0 800 0.06802394763324311
ukrayna	3 97 0 800 0.06802394763324311
ulaşıl	4 96 0 800 0.06802394763324311
usuller	3 97 0 800 0.06802394763324311
uyar	3 97 0 800 0.06802394763324311
vade	3 97 0 800 0.06802394763324311
vadeli	8 92 0 800 0.06802394763324311
vergi	13 87 0 800 0.06802394763324311
verimlilik	4 96 0 800 0.06802394763324311
yapabilecek	3 97 0 800 0.06802394763324311
yaptırılma	3 97 0 800 0.06802394763324311
yapılabil	11 89 0 800 0.06802394763324311
yapısal	5 95 0 800 0.06802394763324311
yatırımcı	12 88 0 800 0.06802394763324311
yavaş	3 97 0 800 0.06802394763324311
yavaşlama	3 97 0 800 0.06802394763324311
yayma	3 97 0 800 0.06802394763324311
yenile	3 97 0 800 0.06802394763324311
yenileme	3 97 0 800 0.06802394763324311
yeterlilik	3 97 0 800 0.06802394763324311
yoğunlaş	3 97 0 800 0.06802394763324311
yumuşak	7 93 0 800 0.06802394763324311
yunanistan	10 90 0 800 0.06802394763324311
yunanlılar	3 97 0 800 0.06802394763324311
yurtdışında	3 97 0 800 0.06802394763324311
yurtdışından	3 97 0 800 0.06802394763324311
yönetmelik	5 95 0 800 0.06802394763324311
yönlü	4 96 0 800 0.06802394763324311
yüklenme	3 97 0 800 0.06802394763324311
yükseliş	4 96 0 800 0.06802394763324311
yükselt	7 93 0 800 0.06802394763324311
yükseltme	3 97 0 800 0.06802394763324311
yürürlük	7 93 0 800 0.06802394763324311
yürüt	3 97 0 800 0.06802394763324311
zam	4 96 0 800 0.06802394763324311
çağlayan	5 95 0 800 0.06802394763324311
çekecek	3 97 0 800 0.06802394763324311
ödedik	3 97 0 800 0.06802394763324311
üncü	5 95 0 800 0.06802394763324311
üreten	3 97 0 800 0.06802394763324311
ısı	3 97 0 800 0.06802394763324311
artırım	9 91 0 800 0.0680239476332431
artışı	9 91 0 800 0.0680239476332431
banka	18 82 0 800 0.0680239476332431
ihale	9 91 0 800 0.0680239476332431
düşüş	16 84 3 797 0.05728332432273104
yatır	23 77 5 795 0.05587681412730684
kredi	16 84 5 795 0.051827769625328084
ceo	9 91 3 797 0.05101796072493233
işletme	12 88 4 796 0.05101796072493233
ortaklık	8 92 3 797 0.0494719619150859
denetim	10 90 4 796 0.04858853402374508
sanayi	15 85 6 794 0.04858853402374508
beklenti	12 88 5 795 0.04801690421170102
artırılma	7 93 3 797 0.04761676334327018
bankacılık	7 93 3 797 0.04761676334327018
harcama	7 93 3 797 0.04761676334327018
iniş	7 93 3 797 0.04761676334327018
milyar	28 72 14 786 0.04534929842216208
denet	6 94 3 797 0.04534929842216207
eğilim	6 94 3 797 0.04534929842216207
finansal	6 94 3 797 0.04534929842216207
istatistik	6 94 3 797 0.04534929842216207
mal	8 92 4 796 0.04534929842216207
maliyet	8 92 4 796 0.04534929842216207
marka	8 92 4 796 0.04534929842216207
teşvik	6 94 3 797 0.04534929842216207
çizen	6 94 3 797 0.04534929842216207
rekabet	11 89 6 794 0.044015495527392604
büyü	16 84 9 791 0.04353532648527559
bor	7 93 4 796 0.04328796667570017
kalite	7 93 4 796 0.04328796667570017
ulaştırma	7 93 4 796 0.04328796667570017
düşük	17 83 10 790 0.04282989295426418
destekle	5 95 3 797 0.04251496727077694
değ	5 95 3 797 0.04251496727077694
endüstri	5 95 3 797 0.04251496727077694
holding	5 95 3 797 0.04251496727077694
inşa	5 95 3 797 0.04251496727077694
italya	5 95 3 797 0.04251496727077694
ithal	5 95 3 797 0.04251496727077694
konut	5 95 3 797 0.04251496727077694
potansiyel	10 90 6 794 0.04251496727077694
sertifika	5 95 3 797 0.04251496727077694
yukarı	5 95 3 797 0.04251496727077694
zorunluluk	5 95 3 797 0.04251496727077694
çıkarılma	5 95 3 797 0.04251496727077694
mali	13 87 8 792 0.04211006282057907
artış	12 88 8 792 0.040814368579945866
paralel	6 94 4 796 0.040814368579945866
piyasa	21 79 14 786 0.040814368579945866
yatırım	12 88 8 792 0.040814368579945866
ekonomik	20 80 14 786 0.04001408684308418
sektör	30 70 21 779 0.04001408684308418
üretici	10 90 7 793 0.04001408684308418
tedbir	7 93 5 795 0.039680636119391814
tüketim	7 93 5 795 0.039680636119391814
ölçü	7 93 5 795 0.039680636119391814
aktaran	4 96 3 797 0.03887082721899606
alabil	4 96 3 797 0.03887082721899606
artması	4 96 3 797 0.03887082721899606
borç	4 96 3 797 0.03887082721899606
bulgaristan	4 96 3 797 0.03887082721899606
denizcilik	4 96 3 797 0.03887082721899606
ekonomi	24 76 18 782 0.03887082721899606
gelir	4 96 3 797 0.03887082721899606
icra	4 96 3 797 0.03887082721899606
idari	4 96 3 797 0.03887082721899606
makam	4 96 3 797 0.03887082721899606
ni	4 96 3 797 0.03887082721899606
sağlayacak	4 96 3 797 0.03887082721899606
sefer	4 96 3 797 0.03887082721899606
ulaştık	4 96 3 797 0.03887082721899606
uçurum	4 96 3 797 0.03887082721899606
önlem	4 96 3 797 0.03887082721899606
euro	9 91 7 793 0.038263470543699246
baz	5 95 4 796 0.0377910820184684
gerçekleş	10 90 8 792 0.0377910820184684
gümrük	5 95 4 796 0.0377910820184684
korunma	5 95 4 796 0.0377910820184684
kurumsal	5 95 4 796 0.0377910820184684
olumlu	10 90 8 792 0.0377910820184684
ticaret	17 83 14 786 0.037303455153713964
üretim	17 83 14 786 0.037303455153713964
müşteri	6 94 5 795 0.03710397143631442
yolcu	6 94 5 795 0.03710397143631442
ücret	6 94 5 795 0.03710397143631442
mark	7 93 6 794 0.03662827949482322
ortadoğu	7 93 6 794 0.03662827949482322
otel	7 93 6 794 0.03662827949482322
büyüme	14 86 13 787 0.0352716765505705
adım	5 95 5 795 0.034011973816621556
alman	6 94 6 794 0.034011973816621556
asgari	3 97 3 797 0.034011973816621556
açıklayan	3 97 3 797 0.034011973816621556
bahar	4 96 4 796 0.034011973816621556
başlangıç	3 97 3 797 0.034011973816621556
başlatılan	3 97 3 797 0.034011973816621556
başvuru	6 94 6 794 0.034011973816621556
bina	7 93 7 793 0.034011973816621556
bira	3 97 3 797 0.034011973816621556
büyüklük	5 95 5 795 0.034011973816621556
etap	6 94 6 794 0.034011973816621556
eşit	3 97 3 797 0.034011973816621556
eşya	4 96 4 796 0.034011973816621556
fiyat	15 85 15 785 0.034011973816621556
gelebilecek	4 96 4 796 0.034011973816621556
gelişmek	3 97 3 797 0.034011973816621556
gerçekleştiril	8 92 8 792 0.034011973816621556
getirilme	3 97 3 797 0.034011973816621556
haberleşme	6 94 6 794 0.034011973816621556
husus	3 97 3 797 0.034011973816621556
kapan	4 96 4 796 0.034011973816621556
kategori	7 93 7 793 0.034011973816621556
katlı	3 97 3 797 0.034011973816621556
kesil	3 97 3 797 0.034011973816621556
koşul	5 95 5 795 0.034011973816621556
kurum	13 87 13 787 0.034011973816621556
memur	3 97 3 797 0.034011973816621556
mühendis	4 96 4 796 0.034011973816621556
numaralı	3 97 3 797 0.034011973816621556
organize	4 96 4 796 0.034011973816621556
patlama	3 97 3 797 0.034011973816621556
pay	11 89 11 789 0.034011973816621556
psikolojik	3 97 3 797 0.034011973816621556
sahil	3 97 3 797 0.034011973816621556
sendika	3 97 3 797 0.034011973816621556
suret	3 97 3 797 0.034011973816621556
sınırlı	3 97 3 797 0.034011973816621556
tamamlan	3 97 3 797 0.034011973816621556
turist	3 97 3 797 0.034011973816621556
uygulan	3 97 3 797 0.034011973816621556
uğur	3 97 3 797 0.034011973816621556
yelpaze	3 97 3 797 0.034011973816621556
yeşil	3 97 3 797 0.034011973816621556
yurtdışı	3 97 3 797 0.034011973816621556
çanta	3 97 3 797 0.034011973816621556
çevir	3 97 3 797 0.034011973816621556
çözüm	4 96 4 796 0.034011973816621556
seviye	21 79 22 778 0.03322099768135129
yabancı	14 86 15 785 0.03283914713328978
bütçe	9 91 10 790 0.03222186993153621
do	27 73 30 770 0.03222186993153621
afrika	7 93 8 792 0.03174450889551345
küresel	13 87 15 785 0.031582547115434303
başlan	5 95 6 794 0.030919976196928687
kore	5 95 6 794 0.030919976196928687
kural	5 95 6 794 0.030919976196928687
nüfus	5 95 6 794 0.030919976196928687
seyahat	5 95 6 794 0.030919976196928687
sunu	5 95 6 794 0.030919976196928687
kuruluş	22 78 27 773 0.030541364243496908
kamu	17 83 21 779 0.030431766046450866
aylık	8 92 10 790 0.030232865614774715
konsey	4 96 5 795 0.030232865614774715
kullanılma	8 92 10 790 0.030232865614774715
sahiplik	4 96 5 795 0.030232865614774715
gerekli	10 90 13 787 0.029575629405757874
ortalama	10 90 13 787 0.029575629405757874
acar	3 97 4 796 0.029153120414247048
balık	3 97 4 796 0.029153120414247048
başlıklı	3 97 4 796 0.029153120414247048
birer	3 97 4 796 0.029153120414247048
dinamik	3 97 4 796 0.029153120414247048
edilmek	3 97 4 796 0.029153120414247048
fonksiyon	3 97 4 796 0.029153120414247048
gaz	6 94 8 792 0.029153120414247048
görü	3 97 4 796 0.029153120414247048
izin	3 97 4 796 0.029153120414247048
kilit	3 97 4 796 0.029153120414247048
komite	3 97 4 796 0.029153120414247048
kurma	3 97 4 796 0.029153120414247048
liderlik	3 97 4 796 0.029153120414247048
olası	3 97 4 796 0.029153120414247048
organizasyon	6 94 8 792 0.029153120414247048
protokol	3 97 4 796 0.029153120414247048
satış	21 79 28 772 0.029153120414247048
taşıma	3 97 4 796 0.029153120414247048
telekom	3 97 4 796 0.029153120414247048
zorunlu	3 97 4 796 0.029153120414247048
çekilme	3 97 4 796 0.029153120414247048
ısınma	3 97 4 796 0.029153120414247048
şimşek	3 97 4 796 0.029153120414247048
civar	9 91 12 788 0.029153120414247044
kurulu	23 77 31 769 0.02897316288082577
ab	5 95 7 793 0.028343311513851294
artırdık	5 95 7 793 0.028343311513851294
ürün	19 81 27 773 0.02809684793546998
çin	7 93 10 790 0.02800986079015893
enerji	9 91 13 787 0.027827978577235814
lira	18 82 26 774 0.027827978577235814
puan	9 91 13 787 0.027827978577235814
tüketici	9 91 13 787 0.027827978577235814
bekleme	4 96 6 794 0.027209579053297246
belirlenen	4 96 6 794 0.027209579053297246
fazla	4 96 6 794 0.027209579053297246
hatırlat	4 96 6 794 0.027209579053297246
ziyaretçi	4 96 6 794 0.027209579053297246
rusya	6 94 9 791 0.027209579053297243
yüksel	6 94 9 791 0.027209579053297243
zirve	6 94 9 791 0.027209579053297243
geliştirme	7 93 11 789 0.026453757412927877
kapasite	7 93 11 789 0.026453757412927877
kriz	14 86 22 778 0.026453757412927877
yıllık	22 78 35 765 0.02625485698125173
alışveriş	5 95 8 792 0.02616305678201658
arap	5 95 8 792 0.02616305678201658
arttığını	5 95 8 792 0.02616305678201658
aşama	5 95 8 792 0.02616305678201658
yayımlan	5 95 8 792 0.02616305678201658
öncelik	5 95 8 792 0.02616305678201658
rakam	18 82 29 771 0.02605172462549736
şirket	28 72 46 754 0.02573879099636226
artır	3 97 5 795 0.025508980362466165
azaltılma	3 97 5 795 0.025508980362466165
elektrik	6 94 10 790 0.025508980362466165
olanak	3 97 5 795 0.025508980362466165
partner	3 97 5 795 0.025508980362466165
sağlanma	3 97 5 795 0.025508980362466165
sene	9 91 15 785 0.025508980362466165
tr	3 97 5 795 0.025508980362466165
yetki	3 97 5 795 0.025508980362466165
yönet	3 97 5 795 0.025508980362466165
boyut	7 93 12 788 0.02506145439119483
standart	7 93 12 788 0.02506145439119483
değer	11 89 19 781 0.024942114132189143
politika	15 85 26 774 0.024886810109723087
arazi	4 96 7 793 0.02473598095754295
azalma	4 96 7 793 0.02473598095754295
endişe	4 96 7 793 0.02473598095754295
hatırlatan	4 96 7 793 0.02473598095754295
hürriyet	4 96 7 793 0.02473598095754295
ikili	4 96 7 793 0.02473598095754295
kullanıldık	4 96 7 793 0.02473598095754295
mevcut	8 92 14 786 0.02473598095754295
ndan	4 96 7 793 0.02473598095754295
sağlamak	4 96 7 793 0.02473598095754295
tane	4 96 7 793 0.02473598095754295
hav	13 87 23 777 0.024564203312004457
firma	9 91 16 784 0.02448862114796752
metre	5 95 9 791 0.02429426701187254
yaklaşım	5 95 9 791 0.02429426701187254
miktar	6 94 11 789 0.02400845210585051
sat	12 88 22 778 0.02400845210585051
teslim	6 94 11 789 0.02400845210585051
not	13 87 24 776 0.023900305925193526
oda	7 93 13 787 0.02380838167163509
düzey	11 89 21 779 0.02338323199892732
hızlı	13 87 25 775 0.023271350506109484
oran	15 85 29 771 0.023189982147696516
hedef	17 83 34 766 0.02267464921108104
sağla	14 86 28 772 0.02267464921108104
amaç	3 97 6 794 0.022674649211081036
analiz	5 95 10 790 0.022674649211081036
aş	5 95 10 790 0.022674649211081036
bağımsız	3 97 6 794 0.022674649211081036
başlama	6 94 12 788 0.022674649211081036
başlayacak	3 97 6 794 0.022674649211081036
başlayan	10 90 20 780 0.022674649211081036
beklenen	3 97 6 794 0.022674649211081036
denil	3 97 6 794 0.022674649211081036
disiplin	3 97 6 794 0.022674649211081036
elazığ	3 97 6 794 0.022674649211081036
gelip	3 97 6 794 0.022674649211081036
görmek	3 97 6 794 0.022674649211081036
gösterilen	3 97 6 794 0.022674649211081036
haziran	3 97 6 794 0.022674649211081036
hükümet	6 94 12 788 0.022674649211081036
kapsamlı	3 97 6 794 0.022674649211081036
komutanlık	3 97 6 794 0.022674649211081036
murat	3 97 6 794 0.022674649211081036
nisa	6 94 12 788 0.022674649211081036
paris	3 97 6 794 0.022674649211081036
stratejik	3 97 6 794 0.022674649211081036
tar	5 95 10 790 0.022674649211081036
tut	8 92 16 784 0.022674649211081036
veri	11 89 22 778 0.022674649211081036
yerel	6 94 12 788 0.022674649211081036
çekerek	4 96 8 792 0.022674649211081036
ödeme	5 95 10 790 0.022674649211081036
beklen	13 87 27 773 0.02210778298080401
hız	11 89 23 777 0.022007747763696302
yi	11 89 23 777 0.022007747763696302
almanya	9 91 19 781 0.021864840310685283
teknoloji	18 82 38 762 0.021864840310685283
düzenleme	7 93 15 785 0.021643983337850083
sert	7 93 15 785 0.021643983337850083
çerçeve	7 93 15 785 0.021643983337850083
değerlendirme	13 87 28 772 0.021568568761760012
yerli	6 94 13 787 0.02148124662102414
model	11 89 24 776 0.021378954970447835
pazar	11 89 24 776 0.021378954970447835
adet	5 95 11 789 0.02125748363538847
değiş	15 85 33 767 0.02125748363538847
getiril	5 95 11 789 0.02125748363538847
işçi	5 95 11 789 0.02125748363538847
olabilecek	5 95 11 789 0.02125748363538847
çap	5 95 11 789 0.02125748363538847
çektik	5 95 11 789 0.02125748363538847
değerlendir	4 96 9 791 0.020930445425613266
faaliyet	16 84 36 764 0.020930445425613266
ilave	4 96 9 791 0.020930445425613266
kur	24 76 54 746 0.020930445425613262
otomobil	7 93 16 784 0.020702940584030514
yaşan	7 93 16 784 0.020702940584030514
şart	7 93 16 784 0.020702940584030514
bekle	13 87 30 770 0.020565379517026985
ağırla	3 97 7 793 0.020407184289972933
coğrafya	3 97 7 793 0.020407184289972933
duyuru	3 97 7 793 0.020407184289972933
düzenlenme	3 97 7 793 0.020407184289972933
getirerek	3 97 7 793 0.020407184289972933
ilan	3 97 7 793 0.020407184289972933
irade	3 97 7 793 0.020407184289972933
itibar	3 97 7 793 0.020407184289972933
kanal	3 97 7 793 0.020407184289972933
kasırga	3 97 7 793 0.020407184289972933
kavram	3 97 7 793 0.020407184289972933
kaydeden	9 91 21 779 0.020407184289972933
mağaza	3 97 7 793 0.020407184289972933
unsur	3 97 7 793 0.020407184289972933
uçak	3 97 7 793 0.020407184289972933
yapabil	3 97 7 793 0.020407184289972933
çekil	3 97 7 793 0.020407184289972933
ürettik	3 97 7 793 0.020407184289972933
yönetim	26 74 61 739 0.020328995844417483
topla	17 83 40 760 0.020287844030967245
kullanılan	11 89 26 774 0.02022333578285606
belirle	5 95 12 788 0.02000704342154209
gerçekleştirdik	5 95 12 788 0.02000704342154209
geçir	5 95 12 788 0.02000704342154209
güve	5 95 12 788 0.02000704342154209
belirlen	7 93 17 783 0.019840318059695907
mayıs	7 93 17 783 0.019840318059695907
nun	14 86 34 766 0.019840318059695907
sorumlu	7 93 17 783 0.019840318059695907
yaklaşık	21 79 51 749 0.019840318059695907
yapı	18 82 44 756 0.01974888802255445
merkez	33 67 81 719 0.019691142735938794
alındık	8 92 20 780 0.01943541360949803
anlaşma	6 94 15 785 0.01943541360949803
atan	4 96 10 790 0.01943541360949803
gıda	4 96 10 790 0.01943541360949803
kapı	4 96 10 790 0.01943541360949803
londra	4 96 10 790 0.01943541360949803
meyve	4 96 10 790 0.01943541360949803
sağlama	4 96 10 790 0.01943541360949803
ten	4 96 10 790 0.01943541360949803
üs	4 96 10 790 0.01943541360949803
açı	13 87 33 767 0.019224159113742617
giriş	11 89 28 772 0.019186241640145492
kısım	9 91 23 777 0.019131735271849623
yurt	9 91 23 777 0.019131735271849623
getirme	7 93 18 782 0.01904670533730807
gösterdik	7 93 18 782 0.01904670533730807
değerlendiren	5 95 13 787 0.0188955410092342
düşme	5 95 13 787 0.0188955410092342
girdik	5 95 13 787 0.0188955410092342
toplan	5 95 13 787 0.0188955410092342
varlık	5 95 13 787 0.0188955410092342
daki	8 92 21 779 0.018765226933308444
tan	8 92 21 779 0.018765226933308444
kent	11 89 29 771 0.018706585599141855
yönelik	17 83 45 755 0.018651727576856982
alınarak	3 97 8 792 0.01855198571815721
bulunmak	3 97 8 792 0.01855198571815721
dördüncü	3 97 8 792 0.01855198571815721
ekle	6 94 16 784 0.01855198571815721
etkile	3 97 8 792 0.01855198571815721
görüşül	3 97 8 792 0.01855198571815721
iran	3 97 8 792 0.01855198571815721
ispanya	3 97 8 792 0.01855198571815721
kalkınma	3 97 8 792 0.01855198571815721
kanunu	3 97 8 792 0.01855198571815721
kayıp	6 94 16 784 0.01855198571815721
komşu	3 97 8 792 0.01855198571815721
prim	3 97 8 792 0.01855198571815721
proje	18 82 48 752 0.01855198571815721
seçme	3 97 8 792 0.01855198571815721
sürdük	3 97 8 792 0.01855198571815721
ta	6 94 16 784 0.01855198571815721
temsil	3 97 8 792 0.01855198571815721
vurgulayarak	3 97 8 792 0.01855198571815721
belirterek	28 72 76 724 0.01831413974741161
kapsam	14 86 38 762 0.01831413974741161
üçüncü	7 93 19 781 0.01831413974741161
avrupa	22 78 60 740 0.018250327413796934
eylül	11 89 30 770 0.018250327413796934
aracı	8 92 22 778 0.01813971936886483
sağlan	4 96 11 789 0.01813971936886483
uç	4 96 11 789 0.01813971936886483
çıkar	4 96 11 789 0.01813971936886483
rapor	9 91 25 775 0.01800633907938788
geçiş	5 95 14 786 0.01790103885085345
kaynak	10 90 28 772 0.01790103885085345
kazandık	5 95 14 786 0.01790103885085345
kazanma	5 95 14 786 0.01790103885085345
yatak	5 95 14 786 0.01790103885085345
yetkili	11 89 31 769 0.01781579580870653
kapalı	6 94 17 783 0.017745377643454723
müdür	20 80 57 743 0.01766855782681639
başladık	14 86 40 760 0.01763583827528525
uyarı	8 92 23 777 0.017554567131159514
bildir	17 83 49 751 0.017521319844926258
performans	9 91 26 774 0.017491872248548226
yönetici	9 91 26 774 0.017491872248548226
zarar	9 91 26 774 0.017491872248548226
gazete	11 89 32 768 0.01740147497594591
milyon	33 67 98 702 0.01713580360226735
nin	35 65 104 696 0.017128332137866967
amerika	6 94 18 782 0.017005986908310778
artan	4 96 12 788 0.017005986908310778
bünye	3 97 9 791 0.017005986908310778
daire	3 97 9 791 0.017005986908310778
değerli	3 97 9 791 0.017005986908310778
düzenlen	5 95 15 785 0.017005986908310778
gösteren	6 94 18 782 0.017005986908310778
gül	5 95 15 785 0.017005986908310778
hazırlanan	3 97 9 791 0.017005986908310778
na	6 94 18 782 0.017005986908310778
olama	3 97 9 791 0.017005986908310778
olmama	3 97 9 791 0.017005986908310778
oluşturduk	3 97 9 791 0.017005986908310778
siyaset	4 96 12 788 0.017005986908310778
tamamla	3 97 9 791 0.017005986908310778
ulaşma	6 94 18 782 0.017005986908310778
çıkarma	4 96 12 788 0.017005986908310778
şok	3 97 9 791 0.017005986908310778
kat	9 91 27 773 0.017005986908310775
kullanım	9 91 27 773 0.017005986908310775
uluslararası	18 82 54 746 0.017005986908310775
plan	11 89 34 766 0.016628076088126095
belli	8 92 25 775 0.0164906539716953
güney	8 92 25 775 0.0164906539716953
den	15 85 47 753 0.016457406685462042
para	15 85 47 753 0.016457406685462042
katkı	12 88 38 762 0.016325747431978347
sorumluluk	6 94 19 781 0.016325747431978347
alt	35 65 111 689 0.016307110733996634
nın	23 77 73 727 0.016297404120464497
anlayış	5 95 16 784 0.016196178007915025
güçlü	13 87 42 758 0.016078387622402917
yük	21 79 68 732 0.016050594385371972
anket	4 96 13 787 0.016005634737233675
seçenek	4 96 13 787 0.016005634737233675
sürpriz	4 96 13 787 0.016005634737233675
işbirlik	7 93 23 777 0.015872254447756726
katıldık	7 93 23 777 0.015872254447756726
söyleyen	7 93 23 777 0.015872254447756726
sahip	32 68 106 694 0.0157736690164042
bölge	24 76 80 720 0.015697834069209948
iade	3 97 10 790 0.015697834069209948
kurul	6 94 20 780 0.015697834069209948
mensup	3 97 10 790 0.015697834069209948
oldukça	6 94 20 780 0.015697834069209948
rahat	3 97 10 790 0.015697834069209948
serbest	3 97 10 790 0.015697834069209948
verildik	3 97 10 790 0.015697834069209948
yaptık	9 91 30 770 0.015697834069209948
ırak	3 97 10 790 0.015697834069209948
bakanlık	14 86 47 753 0.015612053555170551
hizmet	19 81 64 736 0.015571747048573724
yapıldık	10 90 34 766 0.015459988098464343
yön	15 85 51 749 0.015459988098464343
bakanlığı	7 93 24 776 0.015360246239764574
at	11 89 38 762 0.015270682121748454
gelişme	11 89 38 762 0.015270682121748454
veren	17 83 59 741 0.015215883023225433
karar	19 81 66 734 0.015205353000371988
alın	4 96 14 786 0.015116432807387357
arama	4 96 14 786 0.015116432807387357
açılma	4 96 14 786 0.015116432807387357
baktık	4 96 14 786 0.015116432807387357
belediye	6 94 21 779 0.015116432807387357
dernek	8 92 28 772 0.015116432807387357
devir	6 94 21 779 0.015116432807387357
giren	6 94 21 779 0.015116432807387357
girme	6 94 21 779 0.015116432807387357
idare	4 96 14 786 0.015116432807387357
ortak	8 92 28 772 0.015116432807387357
rekor	4 96 14 786 0.015116432807387357
resim	10 90 35 765 0.015116432807387357
soğuk	4 96 14 786 0.015116432807387357
vurgulayan	12 88 42 758 0.015116432807387357
dış	27 73 95 705 0.01505448021391446
ihtiyaç	15 85 53 747 0.015005282566156568
araç	13 87 46 754 0.014988327444612889
alma	24 76 85 715 0.014977749937594813
te	9 91 32 768 0.014932086065833853
dan	14 86 50 750 0.014880238544771931
teklif	7 93 25 775 0.014880238544771931
doğal	5 95 18 782 0.014787814702878937
işaret	13 87 47 753 0.014738521987202675
kes	8 92 29 771 0.014707880569349862
yapıl	26 74 95 705 0.014616716020366289
beraber	6 94 22 778 0.014576560207123524
meslek	3 97 11 789 0.014576560207123524
paket	3 97 11 789 0.014576560207123524
sandy	3 97 11 789 0.014576560207123524
su	12 88 44 756 0.014576560207123524
talep	12 88 44 756 0.014576560207123524
tasar	3 97 11 789 0.014576560207123524
çelik	3 97 11 789 0.014576560207123524
ali	9 91 33 767 0.014576560207123522
açıkla	13 87 48 752 0.014496906872658368
risk	7 93 26 774 0.014429322225233387
in	29 71 108 692 0.014399229790978468
süreci	11 89 41 759 0.01438968123010912
ora	15 85 56 744 0.01437125654223446
bulun	16 84 60 740 0.01432083108068276
ocak	4 96 15 785 0.01432083108068276
say	8 92 30 770 0.01432083108068276
seçilme	4 96 15 785 0.01432083108068276
tahmin	8 92 30 770 0.01432083108068276
ağustos	5 95 19 781 0.014171655756925647
bit	5 95 19 781 0.014171655756925647
saha	5 95 19 781 0.014171655756925647
hareket	11 89 42 758 0.014118177810673099
aralık	6 94 23 777 0.014073920199981332
karşılık	6 94 23 777 0.014073920199981332
sürdür	6 94 23 777 0.014073920199981332
bakan	20 80 77 723 0.014025556213039816
açık	14 86 54 746 0.014004930395079464
kontrol	8 92 31 769 0.013953630283742177
sır	16 84 62 738 0.013953630283742177
kaydet	25 75 97 703 0.013939333531402276
vurgula	9 91 35 765 0.013913989288617907
anlatan	10 90 39 761 0.013882438292498593
nokta	14 86 55 745 0.013801960389353675
ay	43 57 169 631 0.013797310133157801
bildiren	4 96 16 784 0.013604789526648623
düzenlenen	14 86 56 744 0.013604789526648623
kayıt	4 96 16 784 0.013604789526648623
savun	4 96 16 784 0.013604789526648623
bur	3 97 12 788 0.013604789526648621
kazan	10 90 40 760 0.013604789526648621
masa	5 95 20 780 0.013604789526648621
olumsuz	5 95 20 780 0.013604789526648621
personel	3 97 12 788 0.013604789526648621
sürekli	5 95 20 780 0.013604789526648621
çalışan	13 87 52 748 0.013604789526648621
düş	15 85 61 739 0.013425779138140087
olacak	15 85 61 739 0.013425779138140087
bulunan	24 76 98 702 0.013381760190146185
genel	36 64 147 653 0.013381760190146185
belirten	21 79 86 714 0.013350494395309396
bölüm	9 91 37 763 0.013309033232591042
iş	33 67 136 664 0.01328278267394688
almak	8 92 33 767 0.013272965391852314
ceza	8 92 33 767 0.013272965391852314
sosyal	15 85 62 738 0.013251418370112294
etki	14 86 58 742 0.013226878706463939
geliş	7 93 29 771 0.013226878706463939
siyasi	7 93 29 771 0.013226878706463939
görme	6 94 25 775 0.013165925348369634
hava	6 94 25 775 0.013165925348369634
kuzey	6 94 25 775 0.013165925348369634
çeken	12 88 50 750 0.013165925348369634
ciddi	11 89 46 754 0.013127428490625865
uygulama	11 89 46 754 0.013127428490625865
üst	11 89 46 754 0.013127428490625865
alan	45 55 189 611 0.013081528391008292
ikinci	15 85 63 737 0.01308152839100829
imkan	5 95 21 779 0.01308152839100829
savunma	5 95 21 779 0.01308152839100829
uygun	10 90 42 758 0.01308152839100829
ülke	40 60 169 631 0.013018937346075236
edilme	4 96 17 783 0.012956942406332021
hukuk	4 96 17 783 0.012956942406332021
kaydedil	4 96 17 783 0.012956942406332021
takip	12 88 51 749 0.012956942406332021
turizm	4 96 17 783 0.012956942406332021
yen	47 53 202 598 0.012839861601455525
kıs	10 90 43 757 0.012834707100611907
müdürlük	10 90 43 757 0.012834707100611907
geçen	26 74 112 688 0.012816106075828412
abd	19 81 82 718 0.012796584208233852
ilişki	25 75 108 692 0.012786456322038179
bağlantı	3 97 13 787 0.012754490181233083
bırak	3 97 13 787 0.012754490181233083
davet	3 97 13 787 0.012754490181233083
doğrultu	3 97 13 787 0.012754490181233083
hakan	3 97 13 787 0.012754490181233083
kritik	3 97 13 787 0.012754490181233083
verilen	9 91 39 761 0.012754490181233083
çekme	3 97 13 787 0.012754490181233083
belirt	24 76 105 695 0.0126556181643243
tl	8 92 35 765 0.0126556181643243
yıl	72 28 316 484 0.012623000591735834
alınma	5 95 22 778 0.012597027339489465
gör	12 88 53 747 0.012558267255367959
olmadık	12 88 53 747 0.012558267255367959
türkiye	53 47 235 565 0.012518295918617656
yardımcı	15 85 67 733 0.012443405054861544
düştük	4 96 18 782 0.012367990478771474
eylem	4 96 18 782 0.012367990478771474
geçtik	12 88 54 746 0.012367990478771474
giderek	4 96 18 782 0.012367990478771474
kongre	4 96 18 782 0.012367990478771474
temel	6 94 27 773 0.012367990478771474
ulaş	6 94 27 773 0.012367990478771474
dikkat	29 71 131 669 0.012329340508525313
gerek	19 81 86 714 0.012309095286015419
konuş	34 66 154 646 0.012302203295373754
başbakan	15 85 68 732 0.012293484512031888
sistem	13 87 59 741 0.012282101656002228
deva	38 62 173 627 0.012250758341531933
ek	16 84 73 727 0.01222902429361674
getiren	10 90 46 754 0.01214713350593627
kampanya	5 95 23 777 0.01214713350593627
kullanma	5 95 23 777 0.01214713350593627
temsilci	5 95 23 777 0.01214713350593627
dönem	26 74 121 679 0.012031446520165448
ajansı	3 97 14 786 0.012004226052925254
akıllı	3 97 14 786 0.012004226052925254
bulduk	3 97 14 786 0.012004226052925254
darbe	3 97 14 786 0.012004226052925254
direktör	6 94 28 772 0.012004226052925254
doğan	3 97 14 786 0.012004226052925254
fırsat	3 97 14 786 0.012004226052925254
jandarma	3 97 14 786 0.012004226052925254
taşı	3 97 14 786 0.012004226052925254
uy	3 97 14 786 0.012004226052925254
yı	3 97 14 786 0.012004226052925254
önemli	35 65 164 636 0.011964010890268887
istanbul	24 76 113 687 0.011916603964947698
sınır	7 93 33 767 0.011904190835817546
şehir	7 93 33 767 0.011904190835817546
altyapı	4 96 19 781 0.01183025176230315
kamuoy	4 96 19 781 0.01183025176230315
sıcak	4 96 19 781 0.01183025176230315
york	4 96 19 781 0.01183025176230315
zafer	4 96 19 781 0.01183025176230315
örnek	10 90 48 752 0.011728266833317777
ettik	6 94 29 771 0.011661248165698818
inan	6 94 29 771 0.011661248165698818
oluştur	6 94 29 771 0.011661248165698818
çevre	7 93 34 766 0.011613844717870775
uz	15 85 73 727 0.011594991073848258
anlam	10 90 49 751 0.011529482649702221
fark	10 90 49 751 0.011529482649702221
ait	12 88 59 741 0.011497005233787567
kar	14 86 69 731 0.011473918877896429
getir	19 81 94 706 0.011437654911784239
konu	44 56 218 582 0.011423869068178234
yapan	17 83 85 715 0.01133732460554052
açılış	3 97 15 785 0.011337324605540518
beledi	3 97 15 785 0.011337324605540518
dek	8 92 40 760 0.011337324605540518
fransa	3 97 15 785 0.011337324605540518
geçme	4 96 20 780 0.011337324605540518
internet	10 90 50 750 0.011337324605540518
kullanan	4 96 20 780 0.011337324605540518
modern	3 97 15 785 0.011337324605540518
parça	4 96 20 780 0.011337324605540518
süre	8 92 40 760 0.011337324605540518
verilme	5 95 25 775 0.011337324605540518
çağ	3 97 15 785 0.011337324605540518
yeni	14 86 71 729 0.011203944316063572
özellik	19 81 97 703 0.011141853491651888
ol	36 64 184 616 0.011131191430894326
bağlı	8 92 41 759 0.011105950633998876
değişiklik	8 92 41 759 0.011105950633998876
söz	24 76 123 677 0.011105950633998874
ifade	39 61 201 599 0.011053891490402005
nde	6 94 31 769 0.011030910427012396
özel	17 83 88 712 0.011013401045382218
hazırlan	5 95 26 774 0.010971604456974695
lider	5 95 26 774 0.010971604456974695
süreç	5 95 26 774 0.010971604456974695
birlik	28 72 146 654 0.01094638237776326
kas	17 83 89 711 0.010909501035520122
kasım	4 96 21 779 0.010883831621318897
nda	8 92 42 758 0.010883831621318897
saye	8 92 42 758 0.010883831621318897
dönüş	7 93 37 763 0.010821991668925042
önem	7 93 37 763 0.010821991668925042
çalışma	28 72 149 651 0.010760850473055408
alacak	3 97 16 784 0.01074062331051207
sağlayan	3 97 16 784 0.01074062331051207
taraf	6 94 32 768 0.01074062331051207
test	3 97 16 784 0.01074062331051207
yakala	3 97 16 784 0.01074062331051207
öneri	3 97 16 784 0.01074062331051207
şekil	21 79 112 688 0.01074062331051207
gir	9 91 48 752 0.010740623310512069
ün	11 89 59 741 0.010689477485223918
ye	42 58 226 574 0.010660469405209741
aldık	20 80 108 692 0.010628741817694236
başarı	10 90 54 746 0.010628741817694236
emniyet	5 95 27 773 0.010628741817694236
verme	14 86 76 724 0.010581502965171151
çek	14 86 76 724 0.010581502965171151
ankara	13 87 71 729 0.010527515705144767
derece	4 96 22 778 0.010465222712806633
edilen	14 86 77 723 0.010465222712806633
hal	30 70 165 635 0.010465222712806633
iletiş	4 96 22 778 0.010465222712806633
trafik	4 96 22 778 0.010465222712806633
durum	13 87 72 728 0.010403662579201887
söyle	36 64 200 600 0.010376534384732
olduk	17 83 95 705 0.01032506348004583
bura	5 95 28 772 0.010306658732309562
içeri	13 87 73 727 0.010282689758513493
site	8 92 45 755 0.010267765680489526
sayı	19 81 107 693 0.010257579405012849
amerikan	3 97 17 783 0.010203592144986466
çoğunluk	3 97 17 783 0.010203592144986466
şekli	10 90 57 743 0.010152828004961659
hak	25 75 143 657 0.010122611254946892
abdullah	4 96 23 777 0.010077621871591572
bekledik	4 96 23 777 0.010077621871591572
düşün	8 92 46 754 0.010077621871591572
geldik	13 87 75 725 0.010048992264001824
görev	13 87 75 725 0.010048992264001824
bil	5 95 29 771 0.010003521710771046
bugün	20 80 116 684 0.010003521710771046
yeterli	5 95 29 771 0.010003521710771046
toplantı	12 88 70 730 0.009954724043889236
faz	20 80 117 683 0.009930503304123081
sorun	8 92 47 753 0.00989439238301718
gel	34 66 200 600 0.009883821450984043
dün	9 91 53 747 0.009874444011277225
git	10 90 59 741 0.009858543135252624
duru	18 82 107 693 0.009795448459187008
et	27 73 161 639 0.00976939673456151
büyük	35 65 209 591 0.009757533471981593
bilgi	22 78 132 668 0.009717706804749017
bulunduk	17 83 102 698 0.009717706804749017
başkanlık	10 90 60 740 0.009717706804749015
cumhurbaşkan	3 97 18 782 0.009717706804749015
dil	20 80 120 680 0.009717706804749015
diyerek	5 95 30 770 0.009717706804749015
dur	3 97 18 782 0.009717706804749015
edildik	5 95 30 770 0.009717706804749015
iy	3 97 18 782 0.009717706804749015
mehmet	8 92 48 752 0.009717706804749015
tabii	5 95 30 770 0.009717706804749015
tanıt	3 97 18 782 0.009717706804749015
tarih	19 81 114 686 0.009717706804749015
tehdit	3 97 18 782 0.009717706804749015
top	3 97 18 782 0.009717706804749015
yaparak	3 97 18 782 0.009717706804749015
gelecek	9 91 55 745 0.009565867635924812
art	26 74 159 641 0.00956012237007741
rol	7 93 43 757 0.009523352668654035
an	24 76 148 652 0.009491713623243225
etkinlik	6 94 37 763 0.009491713623243225
işlem	6 94 37 763 0.009491713623243225
konuşan	6 94 37 763 0.009491713623243225
oluşan	6 94 37 763 0.009491713623243225
al	36 64 222 578 0.009491713623243223
anadolu	5 95 31 769 0.0094477705046171
ağır	5 95 31 769 0.0094477705046171
bölü	5 95 31 769 0.0094477705046171
görüş	5 95 31 769 0.0094477705046171
tepki	5 95 31 769 0.0094477705046171
açıklama	31 69 193 607 0.00941402846710061
alarak	4 96 25 775 0.009382613466654222
ayn	20 80 125 675 0.009382613466654222
oba	4 96 25 775 0.009382613466654222
rakip	4 96 25 775 0.009382613466654222
doğru	11 89 69 731 0.009353292799570928
kal	11 89 69 731 0.009353292799570928
ın	16 84 101 699 0.009302420189161451
düşen	3 97 19 781 0.009275992859078605
hazırladık	3 97 19 781 0.009275992859078605
ilgi	9 91 57 743 0.009275992859078605
inceleme	3 97 19 781 0.009275992859078605
komisyon	3 97 19 781 0.009275992859078605
sonuç	21 79 133 667 0.009275992859078605
ziyaret	6 94 38 762 0.009275992859078605
öğreti	3 97 19 781 0.009275992859078605
türk	19 81 121 679 0.009231821464511564
devlet	13 87 83 717 0.009211576242001671
birinci	5 95 32 768 0.009192425355843664
new	5 95 32 768 0.009192425355843664
ödül	5 95 32 768 0.009192425355843664
orta	26 74 167 633 0.009163847867690781
katıl	7 93 45 755 0.009157069873705804
alınan	9 91 58 742 0.009137545204465492
başla	17 83 110 690 0.009105567793426243
başka	37 63 240 560 0.00908623127231045
araştırma	12 88 78 722 0.009069859684432415
belirtil	8 92 52 748 0.009069859684432415
biraz	6 94 39 761 0.009069859684432415
ilk	30 70 196 604 0.009029727561934925
ara	41 59 268 532 0.009025831239362354
amacı	9 91 59 741 0.00900316953969394
görülen	5 95 33 767 0.008950519425426726
sezon	5 95 33 767 0.008950519425426726
seçi	5 95 33 767 0.008950519425426726
üye	10 90 66 734 0.008950519425426726
destek	11 89 73 727 0.008907897904353266
edil	11 89 73 727 0.008907897904353266
gerektik	11 89 73 727 0.008907897904353266
aktar	3 97 20 780 0.008872688821727362
la	3 97 20 780 0.008872688821727362
nere	3 97 20 780 0.008872688821727362
sözcü	3 97 20 780 0.008872688821727362
yoğ	6 94 40 760 0.008872688821727362
iç	17 83 114 686 0.008827535189046816
milli	7 93 47 753 0.008817919137642625
haf	11 89 74 726 0.00880309910547852
dünya	28 72 189 611 0.008777283565579757
güç	11 89 75 725 0.008700737487972956
tespit	6 94 41 759 0.00868390820849912
gündem	8 92 55 745 0.008637961604221348
güvenlik	10 90 69 731 0.008610626282689
üzeri	33 67 228 572 0.008600729011099704
çık	20 80 139 661 0.008556471400407939
aday	4 96 28 772 0.008502993454155389
baş	21 79 147 653 0.008502993454155389
diyen	5 95 35 765 0.008502993454155389
farklı	13 87 91 709 0.008502993454155389
gören	3 97 21 779 0.008502993454155389
hazır	4 96 28 772 0.008502993454155389
izmir	3 97 21 779 0.008502993454155389
küçük	5 95 35 765 0.008502993454155389
lazım	4 96 28 772 0.008502993454155389
servis	3 97 21 779 0.008502993454155389
yarı	3 97 21 779 0.008502993454155389
çıktık	3 97 21 779 0.008502993454155389
eğitim	9 91 63 737 0.008502993454155387
sür	16 84 113 687 0.0084370787762162
kullan	10 90 71 729 0.00839801822632631
bul	15 85 107 693 0.008363600118841366
vatandaş	7 93 50 750 0.008353818130398278
başarılı	6 94 43 757 0.008329462975499156
dev	5 95 36 764 0.008295603369907697
bulunma	4 96 29 771 0.00824532698584765
görül	4 96 29 771 0.00824532698584765
recep	4 96 29 771 0.00824532698584765
tayyip	4 96 29 771 0.00824532698584765
öğrenci	4 96 29 771 0.00824532698584765
koy	7 93 51 749 0.008209786783322445
com	3 97 22 778 0.008162873715989174
erdoğan	6 94 44 756 0.008162873715989174
geniş	3 97 22 778 0.008162873715989174
gittik	3 97 22 778 0.008162873715989174
hafta	6 94 44 756 0.008162873715989174
kazanan	3 97 22 778 0.008162873715989174
kolay	3 97 22 778 0.008162873715989174
yap	16 84 118 682 0.008122262403969327
seçim	5 95 37 763 0.008098089003957512
gerekçe	4 96 30 770 0.008002817368616837
imza	4 96 30 770 0.008002817368616837
yak	14 86 105 695 0.008002817368616837
doğu	6 94 45 755 0.008002817368616836
sebep	5 95 38 762 0.007909761352702688
barack	3 97 23 777 0.007848917034604974
etkili	3 97 23 777 0.007848917034604974
kültür	6 94 46 754 0.007848917034604974
romanya	3 97 23 777 0.007848917034604974
teşekkür	3 97 23 777 0.007848917034604974
yapma	12 88 92 708 0.007848917034604974
çeşitli	6 94 46 754 0.007848917034604974
ulusal	4 96 31 769 0.007774165443799213
yaşayan	4 96 31 769 0.007774165443799213
göz	9 91 70 730 0.007749563654420101
sağlık	11 89 86 714 0.007714055917171899
verdik	12 88 95 705 0.007628853940176797
adam	3 97 24 776 0.007558216403693679
il	6 94 48 752 0.007558216403693679
ingiltere	4 96 32 768 0.007558216403693679
tercih	5 95 40 760 0.007558216403693679
kişi	23 77 189 611 0.0073799565828518475
yazılı	4 96 33 767 0.007353940284674931
çalıştık	4 96 33 767 0.007353940284674931
tek	13 87 108 692 0.007308358010183144
ar	3 97 25 775 0.007288280103561762
cumhuriyet	3 97 25 775 0.007288280103561762
fikir	3 97 25 775 0.007288280103561762
görüntü	3 97 25 775 0.007288280103561762
kilo	3 97 25 775 0.007288280103561762
veril	6 94 50 750 0.007288280103561762
kalan	4 96 34 766 0.00716041554034138
konuşma	6 94 51 749 0.00716041554034138
sıkıntı	4 96 34 766 0.00716041554034138
zor	10 90 85 715 0.00716041554034138
çalış	10 90 85 715 0.00716041554034138
meydan	5 95 43 757 0.007085827878462824
çıkan	10 90 86 714 0.007085827878462824
çaba	3 97 26 774 0.007036960099990666
başkent	4 96 35 765 0.006976815141871089
eski	8 92 70 730 0.006976815141871089
gereken	4 96 35 765 0.006976815141871089
zaman	21 79 184 616 0.006968306830722465
iyi	17 83 149 651 0.006966307890151404
uzman	5 95 44 756 0.006941219146249297
yol	16 84 143 657 0.0068451771203263505
yapılma	4 96 36 764 0.0068023947633243115
arka	3 97 27 773 0.006802394763324311
buluş	3 97 27 773 0.006802394763324311
tekrar	5 95 45 755 0.006802394763324311
vermek	3 97 27 773 0.006802394763324311
çıkış	3 97 27 773 0.006802394763324311
göster	6 94 55 745 0.006690880095073092
gelen	17 83 157 643 0.006646017872213408
kaldık	4 96 37 763 0.006636482695926157
yer	16 84 149 651 0.00659626158867812
bülent	3 97 28 772 0.006582962674184817
yan	8 92 75 725 0.006556525073083673
sıra	9 91 85 715 0.00651293115637434
deniz	4 96 38 762 0.0064784712031660105
el	20 80 190 610 0.0064784712031660105
ev	10 90 95 705 0.0064784712031660105
olabil	7 93 67 733 0.006434697749090565
haber	10 90 96 704 0.006417353550305953
sor	5 95 48 752 0.006417353550305953
olma	17 83 164 636 0.006388989556713441
katılan	3 97 29 771 0.006377245090616541
oluş	3 97 29 771 0.006377245090616541
tartışma	3 97 29 771 0.006377245090616541
mücadele	6 94 59 741 0.0062791336276839796
dahil	4 96 40 760 0.006183995239385737
yaşa	10 90 100 700 0.006183995239385737
yaşanan	3 97 30 770 0.006183995239385737
yok	12 88 121 679 0.006137499034578326
aç	5 95 51 749 0.006073566752968135
aşk	3 97 31 769 0.006002113026462627
fatih	3 97 31 769 0.006002113026462627
millet	3 97 31 769 0.006002113026462627
grup	10 90 105 695 0.005915125881151575
iz	4 96 42 758 0.005915125881151575
dal	3 97 32 768 0.005830624082849409
çöz	3 97 32 768 0.005830624082849409
cihaz	3 97 33 767 0.005668662302770259
program	6 94 66 734 0.005668662302770259
geç	8 92 89 711 0.005610222485215927
anlat	6 94 67 733 0.005591009394513132
geri	6 94 67 733 0.005591009394513132
kabul	5 95 56 744 0.00557573341256091
spor	5 95 56 744 0.00557573341256091
meclis	4 96 45 755 0.005552975316999438
taş	4 96 45 755 0.005552975316999438
ver	17 83 192 608 0.005533048372081976
asker	3 97 34 766 0.005515455213506198
üniversite	7 93 80 720 0.00547319118888163
okul	4 96 46 754 0.005441915810659449
gelme	5 95 58 742 0.005398726002638342
ayak	3 97 35 765 0.005370311655256035
örgüt	3 97 35 765 0.005370311655256035
karşı	11 89 133 667 0.005196273777539405
gün	22 78 270 530 0.005125091944970372
ses	3 97 37 763 0.005101796072493233
kadı	5 95 62 738 0.005076414002480829
doktor	3 97 38 762 0.004977362021944618
kalma	3 97 38 762 0.004977362021944618
etme	9 91 114 686 0.004977362021944617
bas	7 93 89 711 0.004960079514923977
hemen	3 97 39 761 0.004858853402374508
toplu	3 97 40 760 0.0047458568116216125
hayat	11 89 147 653 0.004735844455478951
güzel	4 96 55 745 0.004611793059880889
oy	4 96 55 745 0.004611793059880889
tam	4 96 55 745 0.004611793059880889
bak	3 97 42 758 0.004534929842216207
ak	5 95 71 729 0.004475259712713363
bildiril	3 97 44 756 0.00434195410424956
mutlu	3 97 44 756 0.00434195410424956
sahne	3 97 44 756 0.00434195410424956
iste	8 92 118 682 0.004318980802110674
gece	3 97 45 755 0.0042514967270776945
görüşme	3 97 45 755 0.0042514967270776945
muhabir	3 97 45 755 0.0042514967270776945
tür	3 97 45 755 0.0042514967270776945
halk	5 95 76 724 0.004199009113163155
bili	3 97 47 753 0.004081436857994587
yaz	4 96 63 737 0.004061131201984663
etmek	4 96 64 736 0.004001408684308419
telefon	3 97 49 751 0.003924458517302487
fotoğraf	3 97 51 749 0.0037791082018468394
ad	7 93 120 680 0.0037493514443519825
hastalık	3 97 52 748 0.003710397143631442
hastane	3 97 52 748 0.003710397143631442
ilçe	3 97 52 748 0.003710397143631442
soru	6 94 111 689 0.003488407570935544
ileri	3 97 56 744 0.0034588447949106664
gerçek	4 96 75 725 0.0034442505130756005
yaşadık	3 97 58 742 0.003345440047536546
çocuk	5 95 101 699 0.0032086767751529767
çıkma	3 97 62 738 0.0031395668138419898
yaş	5 95 106 694 0.003064141785281221
isim	3 97 65 735 0.0030010565132313136
saat	4 96 89 711 0.0029257611885265856
tak	3 97 69 731 0.0028343311513851295
ada	4 96 93 707 0.0028051112426079636
ünlü	3 97 75 725 0.002616305678201658
parti	3 97 77 723 0.0025508980362466166
olay	3 97 91 709 0.00217097705212478
insan	4 96 139 661 0.0019027677659648422
aa	4 96 155 645 0.0017112942800815876
