acemoğlu	3 97 0 800 0.06802394763324311
adli	4 96 0 800 0.06802394763324311
adliye	6 94 0 800 0.06802394763324311
adliyesi	4 96 0 800 0.06802394763324311
akaryakıt	3 97 0 800 0.06802394763324311
ambulans	7 93 0 800 0.06802394763324311
amirlik	5 95 0 800 0.06802394763324311
arazöz	3 97 0 800 0.06802394763324311
asayiş	3 97 0 800 0.06802394763324311
av	6 94 0 800 0.06802394763324311
başlatıl	3 97 0 800 0.06802394763324311
belde	7 93 0 800 0.06802394763324311
belediyesi	3 97 0 800 0.06802394763324311
belirlenemeyen	5 95 0 800 0.06802394763324311
belirleyen	3 97 0 800 0.06802394763324311
borcu	3 97 0 800 0.06802394763324311
buzlu	3 97 0 800 0.06802394763324311
bürün	3 97 0 800 0.06802394763324311
büyükbaş	3 97 0 800 0.06802394763324311
bırakarak	3 97 0 800 0.06802394763324311
bırakıl	3 97 0 800 0.06802394763324311
bıçak	5 95 0 800 0.06802394763324311
ceset	7 93 0 800 0.06802394763324311
dağ	5 95 0 800 0.06802394763324311
dağcı	3 97 0 800 0.06802394763324311
dağı	6 94 0 800 0.06802394763324311
değerlendirildik	3 97 0 800 0.06802394763324311
değerlendirilen	4 96 0 800 0.06802394763324311
direk	3 97 0 800 0.06802394763324311
direksiyon	3 97 0 800 0.06802394763324311
direnen	3 97 0 800 0.06802394763324311
dozer	3 97 0 800 0.06802394763324311
durdur	6 94 0 800 0.06802394763324311
duruşma	3 97 0 800 0.06802394763324311
düşerek	3 97 0 800 0.06802394763324311
edinilen	5 95 0 800 0.06802394763324311
ege	3 97 0 800 0.06802394763324311
engelli	3 97 0 800 0.06802394763324311
erbakan	3 97 0 800 0.06802394763324311
eroin	3 97 0 800 0.06802394763324311
erzincan	7 93 0 800 0.06802394763324311
erzurum	4 96 0 800 0.06802394763324311
esence	3 97 0 800 0.06802394763324311
fıkra	3 97 0 800 0.06802394763324311
gasp	3 97 0 800 0.06802394763324311
götürdük	3 97 0 800 0.06802394763324311
götürül	4 96 0 800 0.06802394763324311
harekatçı	3 97 0 800 0.06802394763324311
hatay	6 94 0 800 0.06802394763324311
hayati	4 96 0 800 0.06802394763324311
ihbar	10 90 0 800 0.06802394763324311
ihtar	3 97 0 800 0.06802394763324311
ilçesi	4 96 0 800 0.06802394763324311
ingilizce	3 97 0 800 0.06802394763324311
iskenderun	3 97 0 800 0.06802394763324311
istasyon	4 96 0 800 0.06802394763324311
istek	3 97 0 800 0.06802394763324311
itfaiye	4 96 0 800 0.06802394763324311
kacuru	3 97 0 800 0.06802394763324311
kahramanmaraş	6 94 0 800 0.06802394763324311
kaldırıl	13 87 0 800 0.06802394763324311
kaldırılan	4 96 0 800 0.06802394763324311
kamyon	5 95 0 800 0.06802394763324311
karamuk	3 97 0 800 0.06802394763324311
karayolu	7 93 0 800 0.06802394763324311
karlı	3 97 0 800 0.06802394763324311
kartal	3 97 0 800 0.06802394763324311
karışan	3 97 0 800 0.06802394763324311
karıştık	5 95 0 800 0.06802394763324311
karşıla	3 97 0 800 0.06802394763324311
katılım	4 96 0 800 0.06802394763324311
kayalık	3 97 0 800 0.06802394763324311
kayma	4 96 0 800 0.06802394763324311
kazası	8 92 0 800 0.06802394763324311
kaçak	10 90 0 800 0.06802394763324311
kaçakçılık	6 94 0 800 0.06802394763324311
kaçan	4 96 0 800 0.06802394763324311
kaçtık	6 94 0 800 0.06802394763324311
kemah	3 97 0 800 0.06802394763324311
kenevir	3 97 0 800 0.06802394763324311
komutanlığı	5 95 0 800 0.06802394763324311
kurarak	3 97 0 800 0.06802394763324311
kurtarıl	7 93 0 800 0.06802394763324311
kurtarılama	4 96 0 800 0.06802394763324311
kurtarılan	4 96 0 800 0.06802394763324311
kurumu	6 94 0 800 0.06802394763324311
kuvvetli	3 97 0 800 0.06802394763324311
kırılan	4 96 0 800 0.06802394763324311
macit	3 97 0 800 0.06802394763324311
mahallesi	13 87 0 800 0.06802394763324311
mahkemece	4 96 0 800 0.06802394763324311
mahsur	4 96 0 800 0.06802394763324311
makine	3 97 0 800 0.06802394763324311
marmara	3 97 0 800 0.06802394763324311
meal	3 97 0 800 0.06802394763324311
mengücek	3 97 0 800 0.06802394763324311
mera	3 97 0 800 0.06802394763324311
morg	6 94 0 800 0.06802394763324311
necmettin	3 97 0 800 0.06802394763324311
ormanlık	3 97 0 800 0.06802394763324311
osmaniye	5 95 0 800 0.06802394763324311
otobüs	8 92 0 800 0.06802394763324311
otopsi	4 96 0 800 0.06802394763324311
pendik	3 97 0 800 0.06802394763324311
plakalı	12 88 0 800 0.06802394763324311
ruhsatsız	4 96 0 800 0.06802394763324311
rüzgar	4 96 0 800 0.06802394763324311
satıcı	4 96 0 800 0.06802394763324311
sağanak	3 97 0 800 0.06802394763324311
suçlama	4 96 0 800 0.06802394763324311
suçıkağı	3 97 0 800 0.06802394763324311
söndürme	6 94 0 800 0.06802394763324311
sürdürül	4 96 0 800 0.06802394763324311
sürücü	13 87 0 800 0.06802394763324311
sürülen	5 95 0 800 0.06802394763324311
taba	7 93 0 800 0.06802394763324311
tabir	3 97 0 800 0.06802394763324311
tahliye	3 97 0 800 0.06802394763324311
temizlik	3 97 0 800 0.06802394763324311
toplayarak	3 97 0 800 0.06802394763324311
toz	3 97 0 800 0.06802394763324311
tutuklan	5 95 0 800 0.06802394763324311
tutuksuz	6 94 0 800 0.06802394763324311
tüfek	6 94 0 800 0.06802394763324311
tırmanış	3 97 0 800 0.06802394763324311
ulaşım	3 97 0 800 0.06802394763324311
uyarma	3 97 0 800 0.06802394763324311
uygula	4 96 0 800 0.06802394763324311
uymayan	3 97 0 800 0.06802394763324311
uymayarak	3 97 0 800 0.06802394763324311
uyruklu	4 96 0 800 0.06802394763324311
uyuşturucu	8 92 0 800 0.06802394763324311
uzaklık	5 95 0 800 0.06802394763324311
verip	4 96 0 800 0.06802394763324311
yangın	4 96 0 800 0.06802394763324311
yapamayınca	3 97 0 800 0.06802394763324311
yaralan	14 86 0 800 0.06802394763324311
yaralanan	12 88 0 800 0.06802394763324311
yaralı	10 90 0 800 0.06802394763324311
yargılanmak	3 97 0 800 0.06802394763324311
yağan	3 97 0 800 0.06802394763324311
yağma	3 97 0 800 0.06802394763324311
yağış	3 97 0 800 0.06802394763324311
yerleştirilme	3 97 0 800 0.06802394763324311
yitir	3 97 0 800 0.06802394763324311
yoğunluk	4 96 0 800 0.06802394763324311
yüklü	3 97 0 800 0.06802394763324311
yükseklik	4 96 0 800 0.06802394763324311
zabıta	3 97 0 800 0.06802394763324311
zamanlı	5 95 0 800 0.06802394763324311
zanlı	10 90 0 800 0.06802394763324311
zonguldak	3 97 0 800 0.06802394763324311
çamlık	3 97 0 800 0.06802394763324311
çanakkale	5 95 0 800 0.06802394763324311
çarp	5 95 0 800 0.06802394763324311
çarpış	4 96 0 800 0.06802394763324311
çarpışma	4 96 0 800 0.06802394763324311
çay	3 97 0 800 0.06802394763324311
çağrılan	3 97 0 800 0.06802394763324311
çıkarıldık	4 96 0 800 0.06802394763324311
öğrenilen	4 96 0 800 0.06802394763324311
üzümlü	3 97 0 800 0.06802394763324311
şoför	4 96 0 800 0.06802394763324311
şüpheli	8 92 0 800 0.06802394763324311
gram	9 91 0 800 0.0680239476332431
gözaltı	18 82 0 800 0.0680239476332431
kaza	9 91 0 800 0.0680239476332431
mevki	9 91 0 800 0.0680239476332431
sevk	18 82 0 800 0.0680239476332431
geçiril	18 82 3 797 0.05830624082849409
hastanesi	14 86 3 797 0.05601972158031786
jandarma	14 86 3 797 0.05601972158031786
yangı	9 91 3 797 0.05101796072493233
helikopter	8 92 3 797 0.0494719619150859
ilçe	40 60 15 785 0.0494719619150859
şube	8 92 3 797 0.0494719619150859
kilometre	13 87 5 795 0.04912840662400891
esrar	7 93 3 797 0.04761676334327018
kavga	7 93 3 797 0.04761676334327018
yakalan	7 93 3 797 0.04761676334327018
komutanlık	6 94 3 797 0.04534929842216207
kurtar	6 94 3 797 0.04534929842216207
ferhat	5 95 3 797 0.04251496727077694
sağlanma	5 95 3 797 0.04251496727077694
arama	11 89 7 793 0.04157019022031524
operasyon	20 80 13 787 0.04122663492923825
belirlenen	6 94 4 796 0.040814368579945866
demir	6 94 4 796 0.040814368579945866
hayvan	6 94 4 796 0.040814368579945866
kaz	6 94 4 796 0.040814368579945866
emniyet	19 81 13 787 0.040389218907238095
büro	4 96 3 797 0.03887082721899606
ciddiyet	4 96 3 797 0.03887082721899606
diş	4 96 3 797 0.03887082721899606
edirne	4 96 3 797 0.03887082721899606
gönderil	4 96 3 797 0.03887082721899606
izin	4 96 3 797 0.03887082721899606
oturan	4 96 3 797 0.03887082721899606
yaşlı	4 96 3 797 0.03887082721899606
otomobil	13 87 10 790 0.038448318227485234
yas	9 91 7 793 0.038263470543699246
islam	5 95 4 796 0.0377910820184684
maddi	5 95 4 796 0.0377910820184684
hasar	6 94 5 795 0.03710397143631442
müdürlüğü	7 93 6 794 0.03662827949482322
kesim	8 92 7 793 0.03627943873772966
mahalle	9 91 8 792 0.03601267815877576
köy	13 87 12 788 0.03537245276928642
ark	3 97 3 797 0.034011973816621556
arzu	3 97 3 797 0.034011973816621556
açılan	4 96 4 796 0.034011973816621556
başlatılan	3 97 3 797 0.034011973816621556
belirlenme	3 97 3 797 0.034011973816621556
belirtilen	4 96 4 796 0.034011973816621556
bombalı	3 97 3 797 0.034011973816621556
boş	3 97 3 797 0.034011973816621556
dolandırıcılık	3 97 3 797 0.034011973816621556
eşya	4 96 4 796 0.034011973816621556
filistin	3 97 3 797 0.034011973816621556
gazi	4 96 4 796 0.034011973816621556
inceleme	11 89 11 789 0.034011973816621556
kaldırıldık	3 97 3 797 0.034011973816621556
katlı	3 97 3 797 0.034011973816621556
malatya	5 95 5 795 0.034011973816621556
memur	3 97 3 797 0.034011973816621556
mersi	3 97 3 797 0.034011973816621556
organize	4 96 4 796 0.034011973816621556
sanık	3 97 3 797 0.034011973816621556
sivas	4 96 4 796 0.034011973816621556
tarama	5 95 5 795 0.034011973816621556
ulaşama	3 97 3 797 0.034011973816621556
uygulan	3 97 3 797 0.034011973816621556
yargılanan	3 97 3 797 0.034011973816621556
yat	3 97 3 797 0.034011973816621556
çıkarılan	4 96 4 796 0.034011973816621556
öde	3 97 3 797 0.034011973816621556
görevli	9 91 9 791 0.03401197381662155
idare	9 91 9 791 0.03401197381662155
van	7 93 8 792 0.03174450889551345
yakın	7 93 8 792 0.03174450889551345
soruşturma	12 88 14 786 0.031395668138419895
alınarak	5 95 6 794 0.030919976196928687
cinayet	5 95 6 794 0.030919976196928687
yolcu	5 95 6 794 0.030919976196928687
müdahale	13 87 16 784 0.03049349376662622
ekip	49 51 61 739 0.030301576672990112
gümrük	4 96 5 795 0.030232865614774715
araç	26 74 33 767 0.029976654889225778
işçi	7 93 9 791 0.029760477089543862
akdeniz	3 97 4 796 0.029153120414247048
bakı	3 97 4 796 0.029153120414247048
cenaze	3 97 4 796 0.029153120414247048
kapak	3 97 4 796 0.029153120414247048
kurmak	3 97 4 796 0.029153120414247048
metre	6 94 8 792 0.029153120414247048
sağlayacak	3 97 4 796 0.029153120414247048
sinir	3 97 4 796 0.029153120414247048
yürüten	3 97 4 796 0.029153120414247048
öğrenil	14 86 19 781 0.028858644450466774
başkanlığı	5 95 7 793 0.028343311513851294
konya	5 95 7 793 0.028343311513851294
orman	5 95 7 793 0.028343311513851294
teslim	7 93 10 790 0.02800986079015893
olay	38 62 56 744 0.027499042660247212
ateş	8 92 12 788 0.027209579053297246
mahkemesi	4 96 6 794 0.027209579053297246
tanık	4 96 6 794 0.027209579053297246
zirve	6 94 9 791 0.027209579053297243
alınan	26 74 41 759 0.026397352812900312
getirilen	5 95 8 792 0.02616305678201658
serbest	5 95 8 792 0.02616305678201658
trafik	10 90 16 784 0.02616305678201658
öl	8 92 13 787 0.025913884812664042
müdürlük	20 80 33 767 0.025669414201223813
fabrika	3 97 5 795 0.025508980362466165
hüküm	3 97 5 795 0.025508980362466165
selahattin	3 97 5 795 0.025508980362466165
tavsiye	3 97 5 795 0.025508980362466165
zorunluluk	3 97 5 795 0.025508980362466165
acil	7 93 12 788 0.02506145439119483
aracı	11 89 19 781 0.024942114132189143
arazi	4 96 7 793 0.02473598095754295
kanunu	4 96 7 793 0.02473598095754295
geçir	6 94 11 789 0.02400845210585051
bat	7 93 13 787 0.02380838167163509
akraba	3 97 6 794 0.022674649211081036
beledi	6 94 12 788 0.022674649211081036
değerlendiren	6 94 12 788 0.022674649211081036
kaldır	3 97 6 794 0.022674649211081036
savunarak	3 97 6 794 0.022674649211081036
vatandaş	19 81 38 762 0.022674649211081036
hastane	18 82 37 763 0.02226238286178865
polis	14 86 29 771 0.022147331787567524
bahçe	7 93 15 785 0.021643983337850083
çevre	13 87 28 772 0.021568568761760012
antalya	6 94 13 787 0.02148124662102414
giden	6 94 13 787 0.02148124662102414
getiril	5 95 11 789 0.02125748363538847
aa	49 51 110 690 0.020963354930999448
ker	4 96 9 791 0.020930445425613266
reddet	4 96 9 791 0.020930445425613266
güçlük	3 97 7 793 0.020407184289972933
iniş	3 97 7 793 0.020407184289972933
gerçekleştirdik	5 95 12 788 0.02000704342154209
avukat	4 96 10 790 0.01943541360949803
başlat	4 96 10 790 0.01943541360949803
bina	4 96 10 790 0.01943541360949803
bulunmadık	4 96 10 790 0.01943541360949803
denetim	4 96 10 790 0.01943541360949803
dur	6 94 15 785 0.01943541360949803
kilo	8 92 20 780 0.01943541360949803
paket	4 96 10 790 0.01943541360949803
sigar	4 96 10 790 0.01943541360949803
terörist	4 96 10 790 0.01943541360949803
kontrol	11 89 28 772 0.019186241640145492
ağır	10 90 26 774 0.0188955410092342
tatil	5 95 13 787 0.0188955410092342
bayramı	3 97 8 792 0.01855198571815721
başlan	3 97 8 792 0.01855198571815721
deprem	3 97 8 792 0.01855198571815721
ibrahim	3 97 8 792 0.01855198571815721
karadeniz	3 97 8 792 0.01855198571815721
kullanarak	3 97 8 792 0.01855198571815721
sürdük	3 97 8 792 0.01855198571815721
bayram	10 90 27 773 0.01838485071168733
çeşitli	14 86 38 762 0.01831413974741161
adres	4 96 11 789 0.01813971936886483
aş	4 96 11 789 0.01813971936886483
dön	8 92 22 778 0.01813971936886483
düzenle	4 96 11 789 0.01813971936886483
personel	4 96 11 789 0.01813971936886483
çağrı	4 96 11 789 0.01813971936886483
yakala	5 95 14 786 0.01790103885085345
çatışma	5 95 14 786 0.01790103885085345
yetkili	11 89 31 769 0.01781579580870653
bölge	27 73 77 723 0.017660063327861193
belediye	7 93 20 780 0.01763583827528525
uyarı	8 92 23 777 0.017554567131159514
işlem	11 89 32 768 0.01740147497594591
bildiril	12 88 35 765 0.01736781641699824
adet	4 96 12 788 0.017005986908310778
bap	4 96 12 788 0.017005986908310778
daire	3 97 9 791 0.017005986908310778
din	3 97 9 791 0.017005986908310778
düzenlen	5 95 15 785 0.017005986908310778
hekim	3 97 9 791 0.017005986908310778
inandık	3 97 9 791 0.017005986908310778
işletme	4 96 12 788 0.017005986908310778
meydan	12 88 36 764 0.017005986908310778
sabah	7 93 21 779 0.017005986908310778
suç	11 89 34 766 0.016628076088126095
kaybet	8 92 25 775 0.0164906539716953
madde	6 94 19 781 0.016325747431978347
silah	6 94 19 781 0.016325747431978347
kimlik	4 96 13 787 0.016005634737233675
oluştuk	4 96 13 787 0.016005634737233675
sıra	22 78 72 728 0.015920498382248387
muhabir	11 89 37 763 0.015588821332618213
eylem	5 95 17 783 0.015459988098464343
tehlike	5 95 17 783 0.015459988098464343
aylık	4 96 14 786 0.015116432807387357
ağrı	4 96 14 786 0.015116432807387357
düşme	4 96 14 786 0.015116432807387357
art	41 59 144 656 0.015075577583583608
bilgi	34 66 120 680 0.015018274152793934
isteyen	7 93 25 775 0.014880238544771931
vücut	7 93 25 775 0.014880238544771931
gelen	38 62 136 664 0.014855804655535852
ordu	5 95 18 782 0.014787814702878937
yaşan	5 95 18 782 0.014787814702878937
çalıştık	8 92 29 771 0.014707880569349862
kurban	6 94 22 778 0.014576560207123524
trabzon	3 97 11 789 0.014576560207123524
tespit	10 90 37 763 0.014473180347498534
şikayet	4 96 15 785 0.01432083108068276
ağustos	5 95 19 781 0.014171655756925647
çıkan	20 80 76 724 0.014171655756925647
alarak	6 94 23 777 0.014073920199981332
emir	6 94 23 777 0.014073920199981332
karşılık	6 94 23 777 0.014073920199981332
yer	34 66 131 669 0.014017055875941006
bağlı	10 90 39 761 0.013882438292498593
kişi	43 57 169 631 0.013797310133157801
edildik	7 93 28 772 0.013604789526648623
ev	21 79 84 716 0.013604789526648623
dav	3 97 12 788 0.013604789526648621
firma	5 95 20 780 0.013604789526648621
gösterdik	5 95 20 780 0.013604789526648621
ölü	12 88 48 752 0.013604789526648621
edilen	18 82 73 727 0.013455286345037098
bulunan	24 76 98 702 0.013381760190146185
sokak	8 92 33 767 0.013272965391852314
yol	31 69 128 672 0.013262530670632305
anadolu	7 93 29 771 0.013226878706463939
hav	7 93 29 771 0.013226878706463939
yaklaşık	14 86 58 742 0.013226878706463939
hava	6 94 25 775 0.013165925348369634
etkili	5 95 21 779 0.01308152839100829
kullandık	5 95 21 779 0.01308152839100829
kaydedil	4 96 17 783 0.012956942406332021
tehdit	4 96 17 783 0.012956942406332021
duvar	3 97 13 787 0.012754490181233083
elektrik	3 97 13 787 0.012754490181233083
eş	9 91 39 761 0.012754490181233083
tartışma	6 94 26 774 0.012754490181233083
tıp	9 91 39 761 0.012754490181233083
düzenledik	5 95 22 778 0.012597027339489465
süresi	5 95 22 778 0.012597027339489465
ahmet	6 94 27 773 0.012367990478771474
kar	15 85 68 732 0.012293484512031888
dair	7 93 32 768 0.012209426498274405
alındık	5 95 23 777 0.01214713350593627
beyaz	5 95 23 777 0.01214713350593627
belirle	3 97 14 786 0.012004226052925254
dosya	3 97 14 786 0.012004226052925254
gerekçe	6 94 28 772 0.012004226052925254
sıcak	4 96 19 781 0.01183025176230315
eylül	7 93 34 766 0.011613844717870775
istedik	8 92 39 761 0.011578544277998827
başlama	3 97 15 785 0.011337324605540518
eğitim	12 88 60 740 0.011337324605540518
gören	4 96 20 780 0.011337324605540518
hazırlık	3 97 15 785 0.011337324605540518
il	9 91 45 755 0.011337324605540518
ilaç	3 97 15 785 0.011337324605540518
kişilik	4 96 20 780 0.011337324605540518
kur	13 87 65 735 0.011337324605540518
saldırı	5 95 25 775 0.011337324605540518
servis	4 96 20 780 0.011337324605540518
toplan	3 97 15 785 0.011337324605540518
verilme	5 95 25 775 0.011337324605540518
çıkış	5 95 25 775 0.011337324605540518
şahin	3 97 15 785 0.011337324605540518
er	7 93 36 764 0.011073665893783762
yönelik	10 90 52 748 0.010971604456974695
mahkeme	4 96 21 779 0.010883831621318897
yar	13 87 69 731 0.010784284380880006
ayak	6 94 32 768 0.01074062331051207
çarşamba	3 97 16 784 0.01074062331051207
topla	9 91 48 752 0.010740623310512069
düzenlenen	11 89 59 741 0.010689477485223918
el	33 67 177 623 0.010689477485223918
doğu	8 92 43 757 0.010670423158155782
kız	7 93 38 762 0.010581502965171151
sağlık	15 85 82 718 0.010519167159779862
diyarbakır	4 96 22 778 0.010465222712806633
bulunma	5 95 28 772 0.010306658732309562
görül	5 95 28 772 0.010306658732309562
atatürk	3 97 17 783 0.010203592144986466
kent	6 94 34 766 0.010203592144986466
giren	4 96 23 777 0.010077621871591572
fatih	5 95 29 771 0.010003521710771046
ceza	6 94 35 765 0.009954724043889236
devlet	14 86 82 718 0.009920159029847954
para	9 91 53 747 0.009874444011277225
bulunduk	17 83 102 698 0.009717706804749017
sonuç	22 78 132 668 0.009717706804749017
ali	6 94 36 764 0.009717706804749015
aç	8 92 48 752 0.009717706804749015
büyükşehir	3 97 18 782 0.009717706804749015
cumhuriyet	4 96 24 776 0.009717706804749015
dışarı	4 96 24 776 0.009717706804749015
hukuk	3 97 18 782 0.009717706804749015
kullanmak	3 97 18 782 0.009717706804749015
talep	8 92 48 752 0.009717706804749015
turizm	3 97 18 782 0.009717706804749015
zarar	5 95 30 770 0.009717706804749015
durum	12 88 73 727 0.009603380842340203
ait	10 90 61 739 0.009580837694822973
çalışan	9 91 56 744 0.009418700441525969
çıkma	9 91 56 744 0.009418700441525969
çık	22 78 137 663 0.009412118540448733
çift	4 96 25 775 0.009382613466654222
lira	6 94 38 762 0.009275992859078605
yön	9 91 57 743 0.009275992859078605
ömer	3 97 19 781 0.009275992859078605
kadı	9 91 58 742 0.009137545204465492
araştırma	12 88 78 722 0.009069859684432415
kıs	7 93 46 754 0.008984294970428335
kalan	5 95 33 767 0.008950519425426726
edil	11 89 73 727 0.008907897904353266
iz	6 94 40 760 0.008872688821727362
nere	3 97 20 780 0.008872688821727362
şart	3 97 20 780 0.008872688821727362
görme	4 96 27 773 0.008777283565579757
saat	12 88 81 719 0.008777283565579755
baba	5 95 34 766 0.00872101892733886
giriş	5 95 34 766 0.00872101892733886
güvenlik	10 90 69 731 0.008610626282689
üzeri	33 67 228 572 0.008600729011099704
adalet	3 97 21 779 0.008502993454155389
belirlen	3 97 21 779 0.008502993454155389
cep	3 97 21 779 0.008502993454155389
izmir	3 97 21 779 0.008502993454155389
yasa	3 97 21 779 0.008502993454155389
mücadele	8 92 57 743 0.008372178170245307
anlatan	6 94 43 757 0.008329462975499156
taş	6 94 43 757 0.008329462975499156
kalma	5 95 36 764 0.008295603369907697
bildir	8 92 58 742 0.00824532698584765
fakülte	4 96 29 771 0.00824532698584765
öğrenci	4 96 29 771 0.00824532698584765
gittik	3 97 22 778 0.008162873715989174
sürekli	3 97 22 778 0.008162873715989174
sayı	15 85 111 689 0.008098089003957512
akşam	7 93 52 748 0.008070637854791556
süren	4 96 30 770 0.008002817368616837
belirtil	7 93 53 747 0.007936127223878363
al	30 70 228 572 0.007909761352702688
derece	3 97 23 777 0.007848917034604974
katıl	6 94 46 754 0.007848917034604974
savunma	3 97 23 777 0.007848917034604974
bul	14 86 108 692 0.0078060267775852754
gördük	4 96 31 769 0.007774165443799213
merkez	13 87 101 699 0.0077571168353698285
dönüş	5 95 39 761 0.007729994049232172
takip	7 93 56 744 0.00755821640369368
alınma	3 97 24 776 0.007558216403693679
başkan	3 97 24 776 0.007558216403693679
dernek	4 96 32 768 0.007558216403693679
girme	3 97 24 776 0.007558216403693679
ilginç	3 97 24 776 0.007558216403693679
tedavi	6 94 48 752 0.007558216403693679
tepki	4 96 32 768 0.007558216403693679
anlat	8 92 65 735 0.007454679192684176
istanbul	15 85 122 678 0.007447877478092311
yoğ	5 95 41 759 0.007393907351439469
sür	14 86 115 685 0.007382443929189175
kes	4 96 33 767 0.007353940284674931
ar	3 97 25 775 0.007288280103561762
dava	3 97 25 775 0.007288280103561762
veril	6 94 50 750 0.007288280103561762
yaşam	3 97 25 775 0.007288280103561762
ankara	9 91 75 725 0.007288280103561761
say	4 96 34 766 0.00716041554034138
tahmin	4 96 34 766 0.00716041554034138
örgüt	4 96 34 766 0.00716041554034138
özel	11 89 94 706 0.007126318323482612
süre	5 95 43 757 0.007085827878462824
verilen	5 95 43 757 0.007085827878462824
müdür	8 92 69 731 0.007067423130726557
ara	32 68 277 523 0.007044551211209642
çaba	3 97 26 774 0.007036960099990666
iste	13 87 113 687 0.007018343803429845
amacı	7 93 61 739 0.007002465197539732
yaptık	4 96 35 765 0.006976815141871089
satış	5 95 44 756 0.006941219146249297
uzman	5 95 44 756 0.006941219146249297
ilk	23 77 203 597 0.006922791130816777
aldık	13 87 115 685 0.0069086821815012535
geçen	14 86 124 676 0.006900980194676837
yük	9 91 80 720 0.006878826165159415
iş	17 83 152 648 0.006842645619912029
sınır	4 96 36 764 0.0068023947633243115
şehir	4 96 36 764 0.0068023947633243115
dakika	3 97 27 773 0.006802394763324311
katıldık	3 97 27 773 0.006802394763324311
verme	9 91 81 719 0.006802394763324311
genç	7 93 64 736 0.006706586386376082
yaşadık	6 94 55 745 0.006690880095073092
doktor	4 96 37 763 0.006636482695926157
karşı	14 86 130 670 0.006613439353231969
yan	8 92 75 725 0.006556525073083673
uygun	5 95 47 753 0.006540764195504145
çalışma	17 83 160 640 0.006533373501497926
alt	14 86 132 668 0.006522844293598655
geri	7 93 66 734 0.006522844293598655
oluş	3 97 29 771 0.006377245090616541
yurt	3 97 29 771 0.006377245090616541
güç	8 92 78 722 0.00632780908216215
oluşan	4 96 39 761 0.00632780908216215
olmadık	6 94 59 741 0.0062791336276839796
üniversite	8 92 79 721 0.006255075644436148
güney	3 97 30 770 0.006183995239385737
suriye	4 96 40 760 0.006183995239385737
ulaş	3 97 30 770 0.006183995239385737
yaşanan	3 97 30 770 0.006183995239385737
yaş	10 90 101 699 0.006128283570562442
mehmet	5 95 51 749 0.006073566752968135
olduk	10 90 102 698 0.006073566752968135
yapan	9 91 93 707 0.006002113026462627
duru	11 89 114 686 0.005986107391725394
sahip	12 88 126 674 0.005915125881151575
diyerek	3 97 32 768 0.005830624082849409
oluştur	3 97 32 768 0.005830624082849409
pazar	3 97 32 768 0.005830624082849409
yaşayan	3 97 32 768 0.005830624082849409
çalış	8 92 87 713 0.0057283324322731045
belirten	9 91 98 702 0.0057216404551325975
birbiri	3 97 33 767 0.005668662302770259
cihaz	3 97 33 767 0.005668662302770259
gece	4 96 44 756 0.005668662302770259
geç	8 92 89 711 0.005610222485215927
hayat	13 87 145 655 0.005596907083747851
içeri	7 93 79 721 0.005536832946891881
alan	19 81 215 585 0.0055233119873146115
asker	3 97 34 766 0.005515455213506198
dün	5 95 57 743 0.005485802228487348
okul	4 96 46 754 0.005441915810659449
gelme	5 95 58 742 0.005398726002638342
can	3 97 35 765 0.005370311655256035
görülen	3 97 35 765 0.005370311655256035
başla	10 90 117 683 0.00535621634907426
ek	7 93 82 718 0.005350198128457323
faaliyet	4 96 48 752 0.0052326113564033164
kapsam	4 96 48 752 0.0052326113564033164
gereken	3 97 36 764 0.005232611356403316
sır	6 94 72 728 0.005232611356403316
söyle	18 82 218 582 0.005188267192366
dr	6 94 73 727 0.005166375769613401
ayn	11 89 134 666 0.0051604374066598225
ifade	18 82 222 578 0.005101796072493233
kal	6 94 74 726 0.005101796072493233
küçük	3 97 37 763 0.005101796072493233
yapılma	3 97 37 763 0.005101796072493233
açık	5 95 63 737 0.005001760855385523
etmek	5 95 63 737 0.005001760855385523
kaldık	3 97 38 762 0.004977362021944618
hizmet	6 94 77 723 0.004917393804812755
anne	3 97 39 761 0.004858853402374508
baş	12 88 156 644 0.004858853402374508
deniz	3 97 39 761 0.004858853402374508
su	4 96 52 748 0.004858853402374508
ora	5 95 66 734 0.004790418847411487
an	12 88 160 640 0.0047458568116216125
bekle	3 97 40 760 0.0047458568116216125
toplu	3 97 40 760 0.0047458568116216125
yöntem	3 97 40 760 0.0047458568116216125
grup	8 92 107 693 0.00473210070492126
etki	5 95 67 733 0.00472388525230855
gün	20 80 272 528 0.00465917449542761
gel	16 84 218 582 0.0046512100945807254
görev	6 94 82 718 0.004637996429539303
oran	3 97 41 759 0.004637996429539303
yapıldık	3 97 41 759 0.004637996429539303
ziyaret	3 97 41 759 0.004637996429539303
bak	3 97 42 758 0.004534929842216207
işaret	4 96 56 744 0.004534929842216207
deva	14 86 197 603 0.004513437283722292
yapıl	8 92 113 687 0.0044974510831896275
dış	8 92 114 686 0.004460586730048729
hak	11 89 157 643 0.004453948952176633
et	12 88 176 624 0.00434195410424956
mutlu	3 97 44 756 0.00434195410424956
yaşa	7 93 103 697 0.004328796667570016
doğru	5 95 75 725 0.0042514967270776945
ada	6 94 91 709 0.004207666863911945
yıl	24 76 364 436 0.004207666863911945
teknik	4 96 61 739 0.004186089085122653
adlı	3 97 46 754 0.004164731487749578
ilgi	4 96 62 738 0.004122663492923825
iddia	5 95 78 722 0.004097828170677296
şekil	8 92 125 675 0.004091666023052217
erdoğan	3 97 47 753 0.004081436857994587
prof	3 97 47 753 0.004081436857994587
tekrar	3 97 47 753 0.004081436857994587
aile	4 96 63 737 0.004061131201984663
yaz	4 96 63 737 0.004061131201984663
şekli	4 96 63 737 0.004061131201984663
destek	5 95 79 721 0.004049044501978756
boy	4 96 64 736 0.004001408684308419
karar	5 95 80 720 0.004001408684308418
sektör	3 97 48 752 0.004001408684308418
arkadaş	4 96 65 735 0.00394341725410105
nokta	4 96 65 735 0.00394341725410105
telefon	3 97 49 751 0.003924458517302487
ver	12 88 197 603 0.0039056812038225706
kaydet	7 93 115 685 0.0039030133887926377
etme	7 93 116 684 0.003871281572623592
ay	12 88 200 600 0.003850412130183572
hareket	3 97 50 750 0.003850412130183572
hal	11 89 184 616 0.003837248328029099
başladık	3 97 51 749 0.0037791082018468394
genel	10 90 173 627 0.0037171556083739404
ol	12 88 208 592 0.003710397143631442
belirt	7 93 122 678 0.0036912219645945875
getiren	3 97 53 747 0.003644140051780881
iç	7 93 124 676 0.003634867430783983
bulun	4 96 72 728 0.00358020777017069
düş	4 96 72 728 0.00358020777017069
uygulama	3 97 54 746 0.00358020777017069
koy	3 97 55 745 0.003518480049995333
fark	3 97 56 744 0.0034588447949106664
güzel	3 97 56 744 0.0034588447949106664
ileri	3 97 56 744 0.0034588447949106664
gerçek	4 96 75 725 0.0034442505130756005
konu	13 87 249 551 0.0033752340428708414
tek	6 94 115 685 0.0033730883123922204
büyük	12 88 232 568 0.003345440047536546
ye	13 87 255 545 0.003299669101612539
farklı	5 95 99 701 0.0032703820977520726
gerek	5 95 100 700 0.0032392356015830052
başarı	3 97 61 739 0.0031886225453082707
gör	3 97 62 738 0.0031395668138419898
uz	4 96 84 716 0.0030919976196928686
yap	6 94 128 672 0.0030458484014884973
açıklama	10 90 214 586 0.0030367833764840674
faz	6 94 131 669 0.0029791509912369244
git	3 97 66 734 0.0029575629405757873
ülke	9 91 200 600 0.002929260902866928
dil	6 94 134 666 0.0029153120414247046
konuş	8 92 180 620 0.0028946360694997067
iyi	7 93 159 641 0.002868479719474107
yak	5 95 114 686 0.0028581490602202987
söz	6 94 141 659 0.0027764876584997185
şirket	3 97 71 729 0.002757727606753099
birlik	7 93 167 633 0.002736595594440815
ak	3 97 73 727 0.0026851558276280176
olacak	3 97 73 727 0.0026851558276280176
üye	3 97 73 727 0.0026851558276280176
sosyal	3 97 74 726 0.0026502836740224587
belirterek	4 96 100 700 0.0026163056782016582
eski	3 97 75 725 0.002616305678201658
çocuk	4 96 102 698 0.0025669414201223814
yok	5 95 128 672 0.0025572912644076357
verdik	4 96 103 697 0.002542951313392266
halk	3 97 78 722 0.002519405467897893
kullan	3 97 78 722 0.002519405467897893
avrupa	3 97 79 721 0.002488681010972309
yardımcı	3 97 79 721 0.002488681010972309
orta	7 93 186 614 0.002467189810532134
başka	10 90 267 533 0.002455738181705527
türk	5 95 135 665 0.002429426701187254
getir	4 96 109 691 0.002407927349849314
haf	3 97 82 718 0.0024008452105850507
yeni	3 97 82 718 0.0024008452105850507
türkiye	10 90 278 522 0.002361942626154275
yönetim	3 97 84 716 0.0023456533666635555
özellik	4 96 112 688 0.0023456533666635555
yen	8 92 241 559 0.0021855083576945576
zor	3 97 92 708 0.002148124662102414
dikkat	5 95 155 645 0.0021257483635388472
bakan	3 97 94 706 0.0021038334319559726
milyon	4 96 127 673 0.0020770671033051333
tarih	4 96 129 671 0.0020458330115261086
bugün	4 96 132 668 0.0020007043421542093
in	4 96 133 667 0.0019861006608246166
yapma	3 97 101 699 0.0019622292586512434
haber	3 97 103 697 0.001925206065091786
dönem	4 96 143 657 0.001850991772333146
zaman	5 95 200 600 0.0016591206739815392
ad	3 97 124 676 0.0016068649047222782
olma	4 96 177 623 0.0015032916604031626
insan	3 97 140 660 0.0014270758244736316
