akıcı	3 97 0 800 0.06802394763324311
alınamayacak	3 97 0 800 0.06802394763324311
alınamayan	3 97 0 800 0.06802394763324311
anlaş	3 97 0 800 0.06802394763324311
antrenman	6 94 0 800 0.06802394763324311
antrenör	8 92 0 800 0.06802394763324311
arayış	3 97 0 800 0.06802394763324311
arveladze	3 97 0 800 0.06802394763324311
atletico	3 97 0 800 0.06802394763324311
avcı	14 86 0 800 0.06802394763324311
avseven	3 97 0 800 0.06802394763324311
aybaba	3 97 0 800 0.06802394763324311
ayrılmak	3 97 0 800 0.06802394763324311
aysal	4 96 0 800 0.06802394763324311
ayır	3 97 0 800 0.06802394763324311
ayıran	3 97 0 800 0.06802394763324311
basketbol	3 97 0 800 0.06802394763324311
basın	4 96 0 800 0.06802394763324311
bayan	3 97 0 800 0.06802394763324311
başarama	3 97 0 800 0.06802394763324311
belediyespor	4 96 0 800 0.06802394763324311
beraat	4 96 0 800 0.06802394763324311
beyazlı	8 92 0 800 0.06802394763324311
bileme	4 96 0 800 0.06802394763324311
bjk	5 95 0 800 0.06802394763324311
bordo	3 97 0 800 0.06802394763324311
brezilya	5 95 0 800 0.06802394763324311
brezilyalı	4 96 0 800 0.06802394763324311
bucaspor	3 97 0 800 0.06802394763324311
budapeşte	4 96 0 800 0.06802394763324311
burası	3 97 0 800 0.06802394763324311
bursaspor	3 97 0 800 0.06802394763324311
cavcav	3 97 0 800 0.06802394763324311
cezalandırılma	3 97 0 800 0.06802394763324311
cluj	5 95 0 800 0.06802394763324311
cnn	3 97 0 800 0.06802394763324311
coritiba	3 97 0 800 0.06802394763324311
coşku	4 96 0 800 0.06802394763324311
demirören	6 94 0 800 0.06802394763324311
denetleme	3 97 0 800 0.06802394763324311
deplasman	10 90 0 800 0.06802394763324311
direktörlük	5 95 0 800 0.06802394763324311
direktörü	3 97 0 800 0.06802394763324311
diziliş	3 97 0 800 0.06802394763324311
döndük	6 94 0 800 0.06802394763324311
dönecek	3 97 0 800 0.06802394763324311
eklenen	3 97 0 800 0.06802394763324311
eksik	5 95 0 800 0.06802394763324311
elazığspor	3 97 0 800 0.06802394763324311
emenike	3 97 0 800 0.06802394763324311
emenual	3 97 0 800 0.06802394763324311
eskişehirspor	3 97 0 800 0.06802394763324311
estonya	5 95 0 800 0.06802394763324311
etmemeli	3 97 0 800 0.06802394763324311
federasyon	20 80 0 800 0.06802394763324311
federasyonu	7 93 0 800 0.06802394763324311
fenerbahçe	16 84 0 800 0.06802394763324311
fincan	3 97 0 800 0.06802394763324311
florya	3 97 0 800 0.06802394763324311
form	11 89 0 800 0.06802394763324311
forma	7 93 0 800 0.06802394763324311
forvet	6 94 0 800 0.06802394763324311
futbol	29 71 0 800 0.06802394763324311
galibiyet	10 90 0 800 0.06802394763324311
gayet	4 96 0 800 0.06802394763324311
gelerek	3 97 0 800 0.06802394763324311
gelmedik	3 97 0 800 0.06802394763324311
gençlerbirliği	5 95 0 800 0.06802394763324311
gerçekleşme	4 96 0 800 0.06802394763324311
getirildik	3 97 0 800 0.06802394763324311
gitmek	6 94 0 800 0.06802394763324311
giyeme	3 97 0 800 0.06802394763324311
gol	14 86 0 800 0.06802394763324311
golcü	6 94 0 800 0.06802394763324311
grubu	5 95 0 800 0.06802394763324311
gönderilmek	3 97 0 800 0.06802394763324311
gönül	4 96 0 800 0.06802394763324311
hakem	6 94 0 800 0.06802394763324311
hakemlik	3 97 0 800 0.06802394763324311
hayırlı	4 96 0 800 0.06802394763324311
hissedebil	3 97 0 800 0.06802394763324311
hoca	15 85 0 800 0.06802394763324311
hücum	3 97 0 800 0.06802394763324311
hırvat	4 96 0 800 0.06802394763324311
hırvatistan	3 97 0 800 0.06802394763324311
imzala	5 95 0 800 0.06802394763324311
ipek	3 97 0 800 0.06802394763324311
iptal	4 96 0 800 0.06802394763324311
itiraz	6 94 0 800 0.06802394763324311
karşılaşma	24 76 0 800 0.06802394763324311
kayserispor	4 96 0 800 0.06802394763324311
kazanmak	3 97 0 800 0.06802394763324311
kazanılma	3 97 0 800 0.06802394763324311
kağıt	3 97 0 800 0.06802394763324311
kervan	3 97 0 800 0.06802394763324311
keyifsiz	3 97 0 800 0.06802394763324311
koç	3 97 0 800 0.06802394763324311
kulüp	38 62 0 800 0.06802394763324311
kulüpçü	3 97 0 800 0.06802394763324311
kup	3 97 0 800 0.06802394763324311
kupa	13 87 0 800 0.06802394763324311
kupası	5 95 0 800 0.06802394763324311
kurulun	4 96 0 800 0.06802394763324311
kırmızılı	14 86 0 800 0.06802394763324311
lacivertli	6 94 0 800 0.06802394763324311
leh	3 97 0 800 0.06802394763324311
lig	28 72 0 800 0.06802394763324311
liverpool	3 97 0 800 0.06802394763324311
macaristan	14 86 0 800 0.06802394763324311
madrid	7 93 0 800 0.06802394763324311
maç	50 50 0 800 0.06802394763324311
maçlık	3 97 0 800 0.06802394763324311
mağlubiyet	4 96 0 800 0.06802394763324311
mağlup	6 94 0 800 0.06802394763324311
menajer	7 93 0 800 0.06802394763324311
meşgul	3 97 0 800 0.06802394763324311
moral	4 96 0 800 0.06802394763324311
muhakemat	4 96 0 800 0.06802394763324311
muhtemel	3 97 0 800 0.06802394763324311
müşteki	3 97 0 800 0.06802394763324311
nevzat	4 96 0 800 0.06802394763324311
ntv	4 96 0 800 0.06802394763324311
olağan	7 93 0 800 0.06802394763324311
ortaköylüoğlu	3 97 0 800 0.06802394763324311
oynan	11 89 0 800 0.06802394763324311
oynanan	4 96 0 800 0.06802394763324311
oynatan	3 97 0 800 0.06802394763324311
oynayabilecek	3 97 0 800 0.06802394763324311
oynuyor	4 96 0 800 0.06802394763324311
oğuz	3 97 0 800 0.06802394763324311
parselasyon	3 97 0 800 0.06802394763324311
play	3 97 0 800 0.06802394763324311
prosinecki	3 97 0 800 0.06802394763324311
real	3 97 0 800 0.06802394763324311
robert	4 96 0 800 0.06802394763324311
rumen	4 96 0 800 0.06802394763324311
sakat	6 94 0 800 0.06802394763324311
sakatlanma	3 97 0 800 0.06802394763324311
sakatlık	14 86 0 800 0.06802394763324311
salonu	4 96 0 800 0.06802394763324311
samet	4 96 0 800 0.06802394763324311
sanica	3 97 0 800 0.06802394763324311
selçuk	5 95 0 800 0.06802394763324311
seslenen	3 97 0 800 0.06802394763324311
skor	5 95 0 800 0.06802394763324311
sorular	3 97 0 800 0.06802394763324311
souza	5 95 0 800 0.06802394763324311
sponsorluk	4 96 0 800 0.06802394763324311
sporcu	7 93 0 800 0.06802394763324311
stadı	5 95 0 800 0.06802394763324311
sürdüren	4 96 0 800 0.06802394763324311
takım	34 66 0 800 0.06802394763324311
takımı	8 92 0 800 0.06802394763324311
taraftar	11 89 0 800 0.06802394763324311
tecrübeli	7 93 0 800 0.06802394763324311
telafuz	3 97 0 800 0.06802394763324311
tesisleri	10 90 0 800 0.06802394763324311
tezahürat	3 97 0 800 0.06802394763324311
tff	6 94 0 800 0.06802394763324311
topal	5 95 0 800 0.06802394763324311
toto	7 93 0 800 0.06802394763324311
tribün	6 94 0 800 0.06802394763324311
tur	4 96 0 800 0.06802394763324311
tura	5 95 0 800 0.06802394763324311
turan	5 95 0 800 0.06802394763324311
turnuva	4 96 0 800 0.06802394763324311
tutulan	3 97 0 800 0.06802394763324311
uefa	7 93 0 800 0.06802394763324311
vadettik	3 97 0 800 0.06802394763324311
vakfı	4 96 0 800 0.06802394763324311
yardımcılık	3 97 0 800 0.06802394763324311
yargıtay	4 96 0 800 0.06802394763324311
yasin	4 96 0 800 0.06802394763324311
yedek	3 97 0 800 0.06802394763324311
yenerek	3 97 0 800 0.06802394763324311
yenil	5 95 0 800 0.06802394763324311
yenilgi	3 97 0 800 0.06802394763324311
yenilince	3 97 0 800 0.06802394763324311
yöneticilik	3 97 0 800 0.06802394763324311
zagreb	3 97 0 800 0.06802394763324311
zorlu	4 96 0 800 0.06802394763324311
çarptır	3 97 0 800 0.06802394763324311
çıkmak	3 97 0 800 0.06802394763324311
öğrendik	3 97 0 800 0.06802394763324311
ülker	3 97 0 800 0.06802394763324311
ünal	5 95 0 800 0.06802394763324311
üzüldük	3 97 0 800 0.06802394763324311
üzüntü	3 97 0 800 0.06802394763324311
şampiyon	14 86 0 800 0.06802394763324311
şampiyona	3 97 0 800 0.06802394763324311
şampiyonası	5 95 0 800 0.06802394763324311
şampiyonluk	7 93 0 800 0.06802394763324311
şener	3 97 0 800 0.06802394763324311
şike	7 93 0 800 0.06802394763324311
şota	3 97 0 800 0.06802394763324311
şöhret	3 97 0 800 0.06802394763324311
alex	9 91 0 800 0.0680239476332431
beşiktaş	18 82 0 800 0.0680239476332431
futbolcu	35 65 0 800 0.0680239476332431
ligi	9 91 0 800 0.0680239476332431
oynayacak	9 91 0 800 0.0680239476332431
trabzonspor	9 91 0 800 0.0680239476332431
romanya	23 77 3 797 0.06017503059863814
transfer	16 84 3 797 0.05728332432273104
sarı	20 80 4 796 0.05668662302770259
galatasaray	14 86 3 797 0.05601972158031786
yıldırım	17 83 4 796 0.05506700522691109
eleme	10 90 3 797 0.05232611356403316
oynama	10 90 3 797 0.05232611356403316
tak	54 46 18 782 0.05101796072493234
süper	9 91 3 797 0.05101796072493233
şok	9 91 3 797 0.05101796072493233
düşünme	8 92 3 797 0.0494719619150859
karşılaş	8 92 3 797 0.0494719619150859
is	14 86 6 794 0.04761676334327018
yıldızlı	7 93 3 797 0.04761676334327018
attık	9 91 4 796 0.04709350220762984
bahçe	15 85 7 793 0.04637996429539303
bulma	6 94 3 797 0.04534929842216207
hollanda	8 92 4 796 0.04534929842216207
kesinlik	6 94 3 797 0.04534929842216207
meti	6 94 3 797 0.04534929842216207
saray	12 88 6 794 0.04534929842216207
burak	7 93 4 796 0.04328796667570017
aykırı	5 95 3 797 0.04251496727077694
dilekçe	5 95 3 797 0.04251496727077694
istifa	5 95 3 797 0.04251496727077694
izledik	5 95 3 797 0.04251496727077694
tecrübe	5 95 3 797 0.04251496727077694
yönet	5 95 3 797 0.04251496727077694
üzül	5 95 3 797 0.04251496727077694
sal	8 92 5 795 0.04186089085122653
galip	6 94 4 796 0.040814368579945866
mahkemesi	6 94 4 796 0.040814368579945866
puan	13 87 9 791 0.040195969056007294
sözleşme	7 93 5 795 0.039680636119391814
camia	4 96 3 797 0.03887082721899606
ilhan	4 96 3 797 0.03887082721899606
kurmak	4 96 3 797 0.03887082721899606
oynayan	4 96 3 797 0.03887082721899606
söylüyorum	4 96 3 797 0.03887082721899606
telekom	4 96 3 797 0.03887082721899606
oynadık	9 91 7 793 0.038263470543699246
temmuz	5 95 4 796 0.0377910820184684
saha	13 87 11 789 0.036846304968006685
dav	8 92 7 793 0.03627943873772966
direktör	18 82 16 784 0.03601267815877576
abdullah	14 86 13 787 0.0352716765505705
milli	28 72 26 774 0.0352716765505705
açıklayan	3 97 3 797 0.034011973816621556
bardak	3 97 3 797 0.034011973816621556
beklemedik	3 97 3 797 0.034011973816621556
delege	3 97 3 797 0.034011973816621556
denizli	3 97 3 797 0.034011973816621556
dile	3 97 3 797 0.034011973816621556
divan	3 97 3 797 0.034011973816621556
ekim	10 90 10 790 0.034011973816621556
gelmek	4 96 4 796 0.034011973816621556
gidiş	3 97 3 797 0.034011973816621556
kesilen	3 97 3 797 0.034011973816621556
konul	3 97 3 797 0.034011973816621556
samimi	4 96 4 796 0.034011973816621556
sanık	3 97 3 797 0.034011973816621556
tanımlama	3 97 3 797 0.034011973816621556
tsi	3 97 3 797 0.034011973816621556
um	5 95 5 795 0.034011973816621556
vaat	3 97 3 797 0.034011973816621556
vural	3 97 3 797 0.034011973816621556
yargılanan	3 97 3 797 0.034011973816621556
çabuk	3 97 3 797 0.034011973816621556
çıkacak	3 97 3 797 0.034011973816621556
çıkarıl	4 96 4 796 0.034011973816621556
öztürk	3 97 3 797 0.034011973816621556
kadro	18 82 19 781 0.03309273128103719
sezon	18 82 20 780 0.03222186993153621
final	7 93 8 792 0.03174450889551345
spor	28 72 33 767 0.031224107110341102
arena	5 95 6 794 0.030919976196928687
aziz	10 90 12 788 0.030919976196928687
ispanya	5 95 6 794 0.030919976196928687
prim	5 95 6 794 0.030919976196928687
çeyrek	4 96 5 795 0.030232865614774715
euro	7 93 9 791 0.029760477089543862
borç	3 97 4 796 0.029153120414247048
düşünce	6 94 8 792 0.029153120414247048
fikret	3 97 4 796 0.029153120414247048
konuşmak	3 97 4 796 0.029153120414247048
nuri	3 97 4 796 0.029153120414247048
profil	3 97 4 796 0.029153120414247048
siirt	3 97 4 796 0.029153120414247048
vermedik	3 97 4 796 0.029153120414247048
eleştir	5 95 7 793 0.028343311513851294
kamp	5 95 7 793 0.028343311513851294
katılma	5 95 7 793 0.028343311513851294
rakip	12 88 17 783 0.028147840399962664
oyuncu	33 67 48 752 0.027713460146876825
demir	4 96 6 794 0.027209579053297246
kırmız	4 96 6 794 0.027209579053297246
teknik	26 74 39 761 0.027209579053297243
yılma	9 91 14 786 0.026618066465182083
hazırlık	7 93 11 789 0.026453757412927877
cevap	5 95 8 792 0.02616305678201658
gençlik	5 95 8 792 0.02616305678201658
kale	5 95 8 792 0.02616305678201658
mensup	5 95 8 792 0.02616305678201658
allah	3 97 5 795 0.025508980362466165
beraberlik	6 94 10 790 0.025508980362466165
bilet	3 97 5 795 0.025508980362466165
erkan	3 97 5 795 0.025508980362466165
gökhan	3 97 5 795 0.025508980362466165
italya	3 97 5 795 0.025508980362466165
karış	3 97 5 795 0.025508980362466165
oktay	3 97 5 795 0.025508980362466165
olimpiyat	3 97 5 795 0.025508980362466165
tolga	3 97 5 795 0.025508980362466165
alacak	7 93 12 788 0.02506145439119483
bor	4 96 7 793 0.02473598095754295
endişe	4 96 7 793 0.02473598095754295
yapama	4 96 7 793 0.02473598095754295
ar	10 90 18 782 0.02429426701187254
dava	10 90 18 782 0.02429426701187254
inan	12 88 23 777 0.023322496331397637
aklı	5 95 10 790 0.022674649211081036
ayrılan	5 95 10 790 0.022674649211081036
bulan	3 97 6 794 0.022674649211081036
disiplin	3 97 6 794 0.022674649211081036
düşündük	3 97 6 794 0.022674649211081036
elazığ	3 97 6 794 0.022674649211081036
gelip	3 97 6 794 0.022674649211081036
görmek	3 97 6 794 0.022674649211081036
hatırlatarak	3 97 6 794 0.022674649211081036
heyet	4 96 8 792 0.022674649211081036
hüseyin	3 97 6 794 0.022674649211081036
inşallah	3 97 6 794 0.022674649211081036
italyan	3 97 6 794 0.022674649211081036
kaliteli	3 97 6 794 0.022674649211081036
seçil	3 97 6 794 0.022674649211081036
ter	4 96 8 792 0.022674649211081036
teşvik	3 97 6 794 0.022674649211081036
zeki	3 97 6 794 0.022674649211081036
özdemir	3 97 6 794 0.022674649211081036
şansı	6 94 12 788 0.022674649211081036
mahkeme	8 92 17 783 0.021767663242637795
yıldız	15 85 32 768 0.0217097705212478
kazandık	6 94 13 787 0.02148124662102414
ocak	6 94 13 787 0.02148124662102414
yönetici	11 89 24 776 0.021378954970447835
getirdik	5 95 11 789 0.02125748363538847
kariyer	4 96 9 791 0.020930445425613266
kurul	8 92 18 782 0.020930445425613266
eleştiri	6 94 14 786 0.020407184289972933
güçlük	3 97 7 793 0.020407184289972933
harcama	3 97 7 793 0.020407184289972933
kahve	3 97 7 793 0.020407184289972933
onur	3 97 7 793 0.020407184289972933
planla	3 97 7 793 0.020407184289972933
tavır	3 97 7 793 0.020407184289972933
unsur	3 97 7 793 0.020407184289972933
bil	10 90 24 776 0.02000704342154209
cuma	5 95 12 788 0.02000704342154209
oyna	5 95 12 788 0.02000704342154209
sene	7 93 17 783 0.019840318059695907
adnan	4 96 10 790 0.01943541360949803
avukat	4 96 10 790 0.01943541360949803
bulunmadık	4 96 10 790 0.01943541360949803
hapis	4 96 10 790 0.01943541360949803
hata	4 96 10 790 0.01943541360949803
organizasyon	4 96 10 790 0.01943541360949803
perşembe	4 96 10 790 0.01943541360949803
trabzon	4 96 10 790 0.01943541360949803
üs	4 96 10 790 0.01943541360949803
bas	27 73 69 731 0.019131735271849627
cumartesi	5 95 13 787 0.0188955410092342
edip	3 97 8 792 0.01855198571815721
evlat	3 97 8 792 0.01855198571815721
kalk	3 97 8 792 0.01855198571815721
sağlamak	3 97 8 792 0.01855198571815721
vurgulayarak	3 97 8 792 0.01855198571815721
yet	3 97 8 792 0.01855198571815721
yorum	6 94 16 784 0.01855198571815721
teşekkür	7 93 19 781 0.01831413974741161
ayrı	8 92 22 778 0.01813971936886483
tören	4 96 11 789 0.01813971936886483
imza	9 91 25 775 0.01800633907938788
kötü	10 90 28 772 0.01790103885085345
giren	7 93 20 780 0.01763583827528525
başvuru	3 97 9 791 0.017005986908310778
duygu	3 97 9 791 0.017005986908310778
geçirdik	3 97 9 791 0.017005986908310778
hasa	3 97 9 791 0.017005986908310778
ihtimal	4 96 12 788 0.017005986908310778
kritik	4 96 12 788 0.017005986908310778
umut	5 95 15 785 0.017005986908310778
çalıştık	9 91 28 772 0.016546365640518593
öğrenil	8 92 25 775 0.0164906539716953
hafta	12 88 38 762 0.016325747431978347
anlaşma	5 95 16 784 0.016196178007915025
top	5 95 16 784 0.016196178007915025
bulduk	4 96 13 787 0.016005634737233675
dosya	4 96 13 787 0.016005634737233675
sev	4 96 13 787 0.016005634737233675
güven	3 97 10 790 0.015697834069209948
ilave	3 97 10 790 0.015697834069209948
müdürlüğü	3 97 10 790 0.015697834069209948
veda	3 97 10 790 0.015697834069209948
iddia	19 81 64 736 0.015571747048573724
mustafa	8 92 27 773 0.015548330887598426
haf	19 81 66 734 0.015205353000371988
başkan	6 94 21 779 0.015116432807387357
ilginç	6 94 21 779 0.015116432807387357
ingiliz	4 96 14 786 0.015116432807387357
problem	4 96 14 786 0.015116432807387357
toplan	4 96 14 786 0.015116432807387357
avrupa	18 82 64 736 0.014932086065833853
lazım	7 93 25 775 0.014880238544771931
teklif	7 93 25 775 0.014880238544771931
ekip	24 76 86 714 0.014841588574525768
almanya	6 94 22 778 0.014576560207123524
atan	3 97 11 789 0.014576560207123524
olmalı	3 97 11 789 0.014576560207123524
sohbet	3 97 11 789 0.014576560207123524
kazanma	4 96 15 785 0.01432083108068276
liste	4 96 15 785 0.01432083108068276
taraf	8 92 30 770 0.01432083108068276
muhabir	10 90 38 762 0.014171655756925647
çıktık	5 95 19 781 0.014171655756925647
görev	18 82 70 730 0.013913989288617907
isteme	4 96 16 784 0.013604789526648623
kafa	4 96 16 784 0.013604789526648623
pazar	7 93 28 772 0.013604789526648623
performans	7 93 28 772 0.013604789526648623
analiz	3 97 12 788 0.013604789526648621
getirme	5 95 20 780 0.013604789526648621
heyecan	3 97 12 788 0.013604789526648621
siyah	3 97 12 788 0.013604789526648621
yüksel	3 97 12 788 0.013604789526648621
çıkar	3 97 12 788 0.013604789526648621
ağır	7 93 29 771 0.013226878706463939
derece	5 95 21 779 0.01308152839100829
etkili	5 95 21 779 0.01308152839100829
gerçekleştirilen	4 96 17 783 0.012956942406332021
hukuk	4 96 17 783 0.012956942406332021
zor	18 82 77 723 0.012888747972614483
başarı	12 88 52 748 0.012754490181233083
davet	3 97 13 787 0.012754490181233083
doğrultu	3 97 13 787 0.012754490181233083
getiril	3 97 13 787 0.012754490181233083
iste	23 77 103 697 0.012417069806068187
kayıp	4 96 18 782 0.012367990478771474
lira	8 92 36 764 0.012367990478771474
oyun	6 94 27 773 0.012367990478771474
sert	4 96 18 782 0.012367990478771474
yanlış	4 96 18 782 0.012367990478771474
yaşanan	6 94 27 773 0.012367990478771474
yaşadık	11 89 50 750 0.012266613507634003
ek	16 84 73 727 0.01222902429361674
temsilci	5 95 23 777 0.01214713350593627
biraz	8 92 37 763 0.012093146245909887
belirle	3 97 14 786 0.012004226052925254
karar	15 85 70 730 0.012004226052925254
paylaş	3 97 14 786 0.012004226052925254
sürpriz	3 97 14 786 0.012004226052925254
yeterli	6 94 28 772 0.012004226052925254
grup	20 80 95 705 0.01183025176230315
kapalı	4 96 19 781 0.01183025176230315
sözcü	4 96 19 781 0.01183025176230315
kullan	14 86 67 733 0.011757225516856835
emir	5 95 24 776 0.011728266833317777
yönetim	15 85 72 728 0.011728266833317777
ver	36 64 173 627 0.011717043611467711
tabii	6 94 29 771 0.011661248165698818
ceza	7 93 34 766 0.011613844717870775
istedik	8 92 39 761 0.011578544277998827
söz	25 75 122 678 0.011568698577082162
güzel	10 90 49 751 0.011529482649702221
genç	12 88 59 741 0.011497005233787567
alın	3 97 15 785 0.011337324605540518
ağrı	3 97 15 785 0.011337324605540518
baktık	3 97 15 785 0.011337324605540518
kapasite	3 97 15 785 0.011337324605540518
katıldık	5 95 25 775 0.011337324605540518
kişilik	4 96 20 780 0.011337324605540518
kurulu	9 91 45 755 0.011337324605540518
çıkış	5 95 25 775 0.011337324605540518
başarılı	8 92 41 759 0.011105950633998876
konuşan	7 93 36 764 0.011073665893783762
doğru	13 87 67 733 0.011053891490402005
açıklama	36 64 188 612 0.010932420155342642
mehmet	9 91 47 753 0.010932420155342642
gösterdik	4 96 21 779 0.010883831621318897
gelme	10 90 53 747 0.010797452005276684
düşüş	3 97 16 784 0.01074062331051207
sıkıntı	6 94 32 768 0.01074062331051207
çarşamba	3 97 16 784 0.01074062331051207
şiddet	3 97 16 784 0.01074062331051207
şikayet	3 97 16 784 0.01074062331051207
üst	9 91 48 752 0.010740623310512069
türk	22 78 118 682 0.010689477485223918
suç	7 93 38 762 0.010581502965171151
edil	13 87 71 729 0.010527515705144767
ada	15 85 82 718 0.010519167159779862
mücadele	10 90 55 745 0.010465222712806633
uygun	8 92 44 756 0.010465222712806633
istanbul	21 79 116 684 0.010427028469329237
akşam	9 91 50 750 0.010376534384732
bura	5 95 28 772 0.010306658732309562
aa	24 76 135 665 0.010267765680489526
site	8 92 45 755 0.010267765680489526
belirtil	9 91 51 749 0.010203592144986466
diyen	6 94 34 766 0.010203592144986466
oda	3 97 17 783 0.010203592144986466
şekli	10 90 57 743 0.010152828004961659
devir	4 96 23 777 0.010077621871591572
kabul	9 91 52 748 0.010036320142609639
etmek	10 90 58 742 0.010003521710771046
isim	10 90 58 742 0.010003521710771046
toplantı	12 88 70 730 0.009954724043889236
etme	18 82 105 695 0.009954724043889234
para	9 91 53 747 0.009874444011277225
geçen	20 80 118 682 0.009858543135252624
düş	11 89 65 735 0.009845571367969397
olacak	11 89 65 735 0.009845571367969397
olma	26 74 155 645 0.009771395792620558
at	7 93 42 758 0.009717706804749017
ali	6 94 36 764 0.009717706804749015
beraber	4 96 24 776 0.009717706804749015
civar	3 97 18 782 0.009717706804749015
dil	20 80 120 680 0.009717706804749015
dışarı	4 96 24 776 0.009717706804749015
gördük	5 95 30 770 0.009717706804749015
kaydedil	3 97 18 782 0.009717706804749015
haber	15 85 91 709 0.009626030325458931
kazan	7 93 43 757 0.009523352668654035
tekrar	7 93 43 757 0.009523352668654035
bekle	6 94 37 763 0.009491713623243225
tl	6 94 37 763 0.009491713623243225
iyi	23 77 143 657 0.00942500479255778
alarak	4 96 25 775 0.009382613466654222
be	4 96 25 775 0.009382613466654222
yanıt	4 96 25 775 0.009382613466654222
ekle	3 97 19 781 0.009275992859078605
hazırladık	3 97 19 781 0.009275992859078605
tanı	3 97 19 781 0.009275992859078605
yapıldık	6 94 38 762 0.009275992859078605
ömer	3 97 19 781 0.009275992859078605
yok	18 82 115 685 0.009206248551867488
katıl	7 93 45 755 0.009157069873705804
yar	11 89 71 729 0.009125163706898467
dakika	4 96 26 774 0.009069859684432415
getir	15 85 98 702 0.009029727561934925
hareket	7 93 46 754 0.008984294970428335
türkiye	38 62 250 550 0.008975381979386243
salon	5 95 33 767 0.008950519425426726
doğal	3 97 20 780 0.008872688821727362
kamuoy	3 97 20 780 0.008872688821727362
la	3 97 20 780 0.008872688821727362
sunduk	3 97 20 780 0.008872688821727362
sıcak	3 97 20 780 0.008872688821727362
düşün	7 93 47 753 0.008817919137642625
fotoğraf	7 93 47 753 0.008817919137642625
durum	11 89 74 726 0.00880309910547852
dün	8 92 54 746 0.008777283565579757
görme	4 96 27 773 0.008777283565579757
gazeteci	5 95 34 766 0.00872101892733886
güçlü	7 93 48 752 0.008657593335140032
yaşa	14 86 96 704 0.008657593335140032
gündem	8 92 55 745 0.008637961604221348
yap	17 83 117 683 0.00862990380421741
ağustos	3 97 21 779 0.008502993454155389
bit	3 97 21 779 0.008502993454155389
diz	3 97 21 779 0.008502993454155389
getiren	7 93 49 751 0.008502993454155389
geçme	3 97 21 779 0.008502993454155389
mayıs	3 97 21 779 0.008502993454155389
tartışma	4 96 28 772 0.008502993454155389
yarı	3 97 21 779 0.008502993454155389
karşı	18 82 126 674 0.008502993454155387
çıkma	8 92 57 743 0.008372178170245307
büyük	30 70 214 586 0.008363600118841366
konuşma	7 93 50 750 0.008353818130398278
yıllık	7 93 50 750 0.008353818130398278
ay	26 74 186 614 0.00834255961539774
et	23 77 165 635 0.008322078699811658
dev	5 95 36 764 0.008295603369907697
değerlendirme	5 95 36 764 0.008295603369907697
kaybet	4 96 29 771 0.00824532698584765
koy	7 93 51 749 0.008209786783322445
gittik	3 97 22 778 0.008162873715989174
kazanan	3 97 22 778 0.008162873715989174
ol	26 74 194 606 0.008039193811201458
sat	4 96 30 770 0.008002817368616837
süren	4 96 30 770 0.008002817368616837
hedef	6 94 45 755 0.008002817368616836
konuş	22 78 166 634 0.007960249191124194
sıra	11 89 83 717 0.007960249191124194
ifade	28 72 212 588 0.007936127223878363
gazete	5 95 38 762 0.007909761352702688
işlem	5 95 38 762 0.007909761352702688
seviye	5 95 38 762 0.007909761352702688
git	8 92 61 739 0.0078868345082021
belirterek	12 88 92 708 0.007848917034604974
ikinci	9 91 69 731 0.007848917034604974
oldukça	3 97 23 777 0.007848917034604974
savunma	3 97 23 777 0.007848917034604974
soruşturma	3 97 23 777 0.007848917034604974
ilk	26 74 200 600 0.00782576388701027
bul	14 86 108 692 0.0078060267775852754
ettik	4 96 31 769 0.007774165443799213
göz	9 91 70 730 0.007749563654420101
geldik	10 90 78 722 0.007729994049232172
müdürlük	6 94 47 753 0.007700824260367144
hak	19 81 149 651 0.007693184553759637
gün	33 67 259 541 0.0076876379174555575
belirten	12 88 95 705 0.007628853940176797
anadolu	4 96 32 768 0.007558216403693679
bekledik	3 97 24 776 0.007558216403693679
birbiri	4 96 32 768 0.007558216403693679
görüş	4 96 32 768 0.007558216403693679
ingiltere	4 96 32 768 0.007558216403693679
resim	5 95 40 760 0.007558216403693679
soru	13 87 104 696 0.007558216403693679
yay	3 97 24 776 0.007558216403693679
sonuç	17 83 137 663 0.007509137076396967
ad	14 86 113 687 0.007498702888703965
aldık	14 86 114 686 0.007440119272385966
başka	30 70 247 553 0.0073672145451165825
olabil	8 92 66 734 0.007353940284674931
yapan	11 89 91 709 0.0073359159212321
saat	10 90 83 717 0.007314402971316463
beyaz	3 97 25 775 0.007288280103561762
canlı	3 97 25 775 0.007288280103561762
hesap	3 97 25 775 0.007288280103561762
gel	25 75 209 591 0.007267515772782384
bildiril	5 95 42 758 0.007236590173749267
mutlu	5 95 42 758 0.007236590173749267
geçtik	7 93 59 741 0.0072146611126166936
yapma	11 89 93 707 0.00719484061505456
ayak	4 96 34 766 0.00716041554034138
gir	6 94 51 749 0.00716041554034138
kalan	4 96 34 766 0.00716041554034138
içeri	9 91 77 723 0.007118785217432418
alınan	7 93 60 740 0.0071069796034731614
karşılık	3 97 26 774 0.007036960099990666
çaba	3 97 26 774 0.007036960099990666
çift	3 97 26 774 0.007036960099990666
ihtiyaç	7 93 61 739 0.007002465197539732
art	19 81 166 634 0.006986243270441184
başkent	4 96 35 765 0.006976815141871089
eski	8 92 70 730 0.006976815141871089
yaptık	4 96 35 765 0.006976815141871089
başla	13 87 114 686 0.006963081253796539
fark	6 94 53 747 0.006917689589821333
mesaj	6 94 53 747 0.006917689589821333
söyle	24 76 212 588 0.006917689589821333
arkadaş	7 93 62 738 0.006900980194676837
düzenlenen	7 93 63 737 0.0068023947633243115
kent	4 96 36 764 0.0068023947633243115
başlayan	3 97 27 773 0.006802394763324311
internet	6 94 54 746 0.006802394763324311
verilme	3 97 27 773 0.006802394763324311
vermek	3 97 27 773 0.006802394763324311
yapıl	12 88 109 691 0.006746176624784441
göster	6 94 55 745 0.006690880095073092
kaldık	4 96 37 763 0.006636482695926157
kalma	4 96 37 763 0.006636482695926157
yardımcı	8 92 74 726 0.006636482695926157
bakanlığı	3 97 28 772 0.006582962674184817
bülent	3 97 28 772 0.006582962674184817
hazırlan	3 97 28 772 0.006582962674184817
süreç	3 97 28 772 0.006582962674184817
uyarı	3 97 28 772 0.006582962674184817
takip	6 94 57 743 0.0064784712031660105
aday	3 97 29 771 0.006377245090616541
düzey	3 97 29 771 0.006377245090616541
hazır	3 97 29 771 0.006377245090616541
kısım	3 97 29 771 0.006377245090616541
polis	4 96 39 761 0.00632780908216215
dünya	20 80 197 603 0.006269488261128397
konu	24 76 238 562 0.006231201309915399
ahmet	3 97 30 770 0.006183995239385737
uz	8 92 80 720 0.006183995239385737
yön	6 94 60 740 0.006183995239385737
yaz	6 94 61 739 0.0060916968029769945
plan	4 96 41 759 0.0060465731229549435
gerçek	7 93 72 728 0.006027438397882301
fatih	3 97 31 769 0.006002113026462627
gerekçe	3 97 31 769 0.006002113026462627
faz	12 88 125 675 0.005958301982473849
kal	7 93 73 727 0.005952095417908773
farklı	9 91 95 705 0.00588668777595373
edildik	3 97 32 768 0.005830624082849409
gerek	9 91 96 704 0.005830624082849409
önemli	17 83 182 618 0.005811091003844889
deva	18 82 193 607 0.0058029907933572315
olay	8 92 86 714 0.005789272138999413
rakam	4 96 43 757 0.005789272138999413
tespit	4 96 43 757 0.005789272138999413
ileri	5 95 54 746 0.005764741324851111
oy	5 95 54 746 0.005764741324851111
tam	5 95 54 746 0.005764741324851111
yan	7 93 76 724 0.005736959438948214
dek	4 96 44 756 0.005668662302770259
görüşme	4 96 44 756 0.005668662302770259
tepki	3 97 33 767 0.005668662302770259
alma	9 91 100 700 0.005616656226598055
geri	6 94 67 733 0.005591009394513132
yol	13 87 146 654 0.00556170641026516
anlatan	4 96 45 755 0.005552975316999438
ara	25 75 284 516 0.005503555633757533
yapı	5 95 57 743 0.005485802228487348
duru	10 90 115 685 0.005441915810659449
katkı	4 96 46 754 0.005441915810659449
can	3 97 35 765 0.005370311655256035
görülen	3 97 35 765 0.005370311655256035
tahmin	3 97 35 765 0.005370311655256035
örgüt	3 97 35 765 0.005370311655256035
yer	13 87 152 648 0.005359462540800972
gelecek	5 95 59 741 0.005314370908847118
gör	5 95 60 740 0.0052326113564033164
hal	15 85 180 620 0.0052326113564033164
kapsam	4 96 48 752 0.0052326113564033164
süreci	4 96 48 752 0.0052326113564033164
gereken	3 97 36 764 0.005232611356403316
üzeri	20 80 241 559 0.005212563037030124
ilgi	5 95 61 739 0.005153329366154781
sor	4 96 49 751 0.005133882840244763
çık	12 88 147 653 0.005133882840244763
beklen	3 97 37 763 0.005101796072493233
yapılma	3 97 37 763 0.005101796072493233
verdik	8 92 99 701 0.005085902626784532
tek	9 91 112 688 0.00505963246858833
bulunan	9 91 113 687 0.0050181600713048195
çalışma	13 87 164 636 0.004996109148204296
almak	3 97 38 762 0.004977362021944618
sorun	4 96 51 749 0.00494719619150859
nokta	5 95 64 736 0.004929271567626312
yen	18 82 231 569 0.004917393804812755
aç	4 96 52 748 0.004858853402374508
destek	6 94 78 722 0.004858853402374508
su	4 96 52 748 0.004858853402374508
veril	4 96 52 748 0.004858853402374508
ye	19 81 249 551 0.004822593302356787
yeni	6 94 79 721 0.004801690421170101
ciddi	4 96 53 747 0.004773610360227587
an	12 88 160 640 0.0047458568116216125
etkinlik	3 97 40 760 0.0047458568116216125
güç	6 94 80 720 0.0047458568116216125
al	18 82 240 560 0.004745856811621612
program	5 95 67 733 0.00472388525230855
uluslararası	5 95 67 733 0.00472388525230855
birlik	12 88 162 638 0.004691306733327111
gelen	12 88 162 638 0.004691306733327111
iç	9 91 122 678 0.004673400982436549
milyon	9 91 122 678 0.004673400982436549
alan	16 84 218 582 0.0046512100945807254
dahil	3 97 41 759 0.004637996429539303
ziyaret	3 97 41 759 0.004637996429539303
dönem	10 90 137 663 0.0046274794308328645
anlam	4 96 55 745 0.004611793059880889
tarih	9 91 124 676 0.004603124275933744
şekil	9 91 124 676 0.004603124275933744
orta	13 87 180 620 0.004581923933845391
yak	8 92 111 689 0.004573038496352478
kız	3 97 42 758 0.004534929842216207
verme	6 94 84 716 0.004534929842216207
edilen	6 94 85 715 0.0044850954483457
veren	5 95 71 729 0.004475259712713363
üye	5 95 71 729 0.004475259712713363
bakanlık	4 96 57 743 0.004460586730048729
baş	11 89 157 643 0.004453948952176633
bölüm	3 97 43 757 0.004436344410863681
yıl	25 75 363 437 0.004382986316574943
kur	5 95 73 727 0.00436050946366943
sır	5 95 73 727 0.00436050946366943
ünlü	5 95 73 727 0.00436050946366943
zaman	13 87 192 608 0.004313713752352002
çalış	6 94 89 711 0.004296249324204828
değiş	3 97 45 755 0.0042514967270776945
eş	3 97 45 755 0.0042514967270776945
süre	3 97 45 755 0.0042514967270776945
tür	3 97 45 755 0.0042514967270776945
ülke	13 87 196 604 0.004231154637474452
ayn	9 91 136 664 0.004222176059994399
belirt	8 92 121 679 0.0042185393881081
olmadık	4 96 61 739 0.004186089085122653
taş	3 97 46 754 0.004164731487749578
kar	5 95 78 722 0.004097828170677296
genel	11 89 172 628 0.004088871169211335
açık	4 96 64 736 0.004001408684308419
bulunduk	7 93 112 688 0.004001408684308419
bilgi	9 91 145 655 0.003975425511033688
çeşitli	3 97 49 751 0.003924458517302487
dış	7 93 115 685 0.0039030133887926377
kaydet	7 93 115 685 0.0039030133887926377
ev	6 94 99 701 0.003887082721899606
kıs	3 97 50 750 0.003850412130183572
ora	4 96 67 733 0.0038323350779291892
dikkat	9 91 151 649 0.0038263470543699247
insan	8 92 135 665 0.0038055355319296844
başladık	3 97 51 749 0.0037791082018468394
vurgulayan	3 97 51 749 0.0037791082018468394
anlat	4 96 69 731 0.003727339596342088
sür	7 93 122 678 0.0036912219645945875
olduk	6 94 106 694 0.003644140051780881
talep	3 97 53 747 0.003644140051780881
iş	9 91 160 640 0.003622577092894603
ilişki	7 93 126 674 0.0035802077701706904
topla	3 97 54 746 0.00358020777017069
el	11 89 199 601 0.003563159161741306
özellik	6 94 110 690 0.003518480049995333
geç	5 95 92 708 0.003506389053259954
bugün	7 93 129 671 0.003501232598769866
güvenlik	4 96 75 725 0.0034442505130756005
açıkla	3 97 58 742 0.003345440047536546
den	3 97 59 741 0.0032914813370924084
alt	7 93 139 661 0.0032614221467993274
yaş	5 95 106 694 0.003064141785281221
aile	3 97 64 736 0.0030458484014884973
çek	4 96 86 714 0.0030232865614774718
boy	3 97 65 735 0.0030010565132313136
başkanlık	3 97 67 733 0.0029153120414247046
ait	3 97 68 732 0.0028742513084468917
çıkan	4 96 92 708 0.0028343311513851295
bakan	4 96 93 707 0.0028051112426079636
bulun	3 97 73 727 0.0026851558276280176
çocuk	4 96 102 698 0.0025669414201223814
hizmet	3 97 80 720 0.0024586969024063773
ankara	3 97 81 719 0.002429426701187254
gerektik	3 97 81 719 0.002429426701187254
kişi	7 93 205 595 0.002246073742607084
nın	3 97 93 707 0.0021257483635388472
özel	3 97 102 698 0.001943541360949803
hayat	4 96 154 646 0.0017221252565378002
sayı	3 97 123 677 0.0016196178007915026
nin	3 97 136 664 0.0014681427546743117
