4g	3 97 0 800 0.06802394763324311
abone	8 92 0 800 0.06802394763324311
abraham	3 97 0 800 0.06802394763324311
acarer	3 97 0 800 0.06802394763324311
adapte	3 97 0 800 0.06802394763324311
akademi	4 96 0 800 0.06802394763324311
akademisyen	3 97 0 800 0.06802394763324311
akpınar	3 97 0 800 0.06802394763324311
algı	3 97 0 800 0.06802394763324311
alınabildik	4 96 0 800 0.06802394763324311
amaçla	4 96 0 800 0.06802394763324311
android	8 92 0 800 0.06802394763324311
anlık	3 97 0 800 0.06802394763324311
apple	19 81 0 800 0.06802394763324311
arayüz	3 97 0 800 0.06802394763324311
arjantin	3 97 0 800 0.06802394763324311
arkadaşlık	3 97 0 800 0.06802394763324311
artmasını	3 97 0 800 0.06802394763324311
artıyor	7 93 0 800 0.06802394763324311
arıboğan	3 97 0 800 0.06802394763324311
astronom	3 97 0 800 0.06802394763324311
avustralya	5 95 0 800 0.06802394763324311
ayrılma	6 94 0 800 0.06802394763324311
ayrıntı	3 97 0 800 0.06802394763324311
ayrıntılı	3 97 0 800 0.06802394763324311
açılacak	3 97 0 800 0.06802394763324311
bambaşka	3 97 0 800 0.06802394763324311
barındıran	4 96 0 800 0.06802394763324311
batarya	3 97 0 800 0.06802394763324311
bağlantılı	3 97 0 800 0.06802394763324311
bağımlı	4 96 0 800 0.06802394763324311
başlatan	3 97 0 800 0.06802394763324311
becer	3 97 0 800 0.06802394763324311
benzer	3 97 0 800 0.06802394763324311
berkman	3 97 0 800 0.06802394763324311
big	3 97 0 800 0.06802394763324311
bilim	3 97 0 800 0.06802394763324311
bilimci	4 96 0 800 0.06802394763324311
biliş	6 94 0 800 0.06802394763324311
binali	3 97 0 800 0.06802394763324311
bittik	3 97 0 800 0.06802394763324311
blackberry	3 97 0 800 0.06802394763324311
blogger	4 96 0 800 0.06802394763324311
borders	3 97 0 800 0.06802394763324311
bram	3 97 0 800 0.06802394763324311
bulaşan	3 97 0 800 0.06802394763324311
bulaşma	3 97 0 800 0.06802394763324311
bulunduran	3 97 0 800 0.06802394763324311
bulut	7 93 0 800 0.06802394763324311
bıraktık	3 97 0 800 0.06802394763324311
cabas	3 97 0 800 0.06802394763324311
call	3 97 0 800 0.06802394763324311
chat	3 97 0 800 0.06802394763324311
citizen	3 97 0 800 0.06802394763324311
denemeç	3 97 0 800 0.06802394763324311
deneyim	5 95 0 800 0.06802394763324311
depolama	3 97 0 800 0.06802394763324311
devrim	4 96 0 800 0.06802394763324311
değişen	6 94 0 800 0.06802394763324311
değişim	4 96 0 800 0.06802394763324311
değiştirdik	3 97 0 800 0.06802394763324311
dijial	3 97 0 800 0.06802394763324311
dijital	16 84 0 800 0.06802394763324311
djital	3 97 0 800 0.06802394763324311
dokunduk	3 97 0 800 0.06802394763324311
donan	5 95 0 800 0.06802394763324311
doodle	3 97 0 800 0.06802394763324311
drakula	3 97 0 800 0.06802394763324311
drive	3 97 0 800 0.06802394763324311
dropbox	3 97 0 800 0.06802394763324311
duty	3 97 0 800 0.06802394763324311
duyma	3 97 0 800 0.06802394763324311
eczacıbaşı	3 97 0 800 0.06802394763324311
editör	3 97 0 800 0.06802394763324311
eklenti	3 97 0 800 0.06802394763324311
ekstra	3 97 0 800 0.06802394763324311
electronics	3 97 0 800 0.06802394763324311
emma	3 97 0 800 0.06802394763324311
eriş	7 93 0 800 0.06802394763324311
erişebil	5 95 0 800 0.06802394763324311
etkileşim	5 95 0 800 0.06802394763324311
expression	3 97 0 800 0.06802394763324311
federal	3 97 0 800 0.06802394763324311
ferhan	3 97 0 800 0.06802394763324311
fi	5 95 0 800 0.06802394763324311
fiil	3 97 0 800 0.06802394763324311
fitreleme	3 97 0 800 0.06802394763324311
foundation	3 97 0 800 0.06802394763324311
free	4 96 0 800 0.06802394763324311
galaxy	5 95 0 800 0.06802394763324311
gasser	3 97 0 800 0.06802394763324311
gb	4 96 0 800 0.06802394763324311
geliştiril	3 97 0 800 0.06802394763324311
genişletme	3 97 0 800 0.06802394763324311
gerçekleştirme	3 97 0 800 0.06802394763324311
getirebil	3 97 0 800 0.06802394763324311
getirebilmek	3 97 0 800 0.06802394763324311
gezme	3 97 0 800 0.06802394763324311
gine	3 97 0 800 0.06802394763324311
gittikçe	3 97 0 800 0.06802394763324311
gizlilik	4 96 0 800 0.06802394763324311
gmail	3 97 0 800 0.06802394763324311
google	22 78 0 800 0.06802394763324311
grafik	3 97 0 800 0.06802394763324311
gök	4 96 0 800 0.06802394763324311
görsel	3 97 0 800 0.06802394763324311
görünme	3 97 0 800 0.06802394763324311
görüntülü	6 94 0 800 0.06802394763324311
görünüş	3 97 0 800 0.06802394763324311
gülşan	3 97 0 800 0.06802394763324311
güncel	6 94 0 800 0.06802394763324311
güncelleme	6 94 0 800 0.06802394763324311
gürses	3 97 0 800 0.06802394763324311
güvenil	3 97 0 800 0.06802394763324311
güvenli	7 93 0 800 0.06802394763324311
habertürk	3 97 0 800 0.06802394763324311
hd	4 96 0 800 0.06802394763324311
hiçsönmez	3 97 0 800 0.06802394763324311
hosting	3 97 0 800 0.06802394763324311
hızlandır	4 96 0 800 0.06802394763324311
ihmal	3 97 0 800 0.06802394763324311
inanılma	3 97 0 800 0.06802394763324311
indirip	3 97 0 800 0.06802394763324311
indirme	4 96 0 800 0.06802394763324311
interaktif	4 96 0 800 0.06802394763324311
internete	6 94 0 800 0.06802394763324311
internetin	7 93 0 800 0.06802394763324311
internette	11 89 0 800 0.06802394763324311
internetten	6 94 0 800 0.06802394763324311
inç	4 96 0 800 0.06802394763324311
ios	5 95 0 800 0.06802394763324311
ipad	8 92 0 800 0.06802394763324311
iphone	13 87 0 800 0.06802394763324311
ipod	3 97 0 800 0.06802394763324311
izinsiz	3 97 0 800 0.06802394763324311
izlenebil	3 97 0 800 0.06802394763324311
işlemci	4 96 0 800 0.06802394763324311
işleme	3 97 0 800 0.06802394763324311
işletim	17 83 0 800 0.06802394763324311
jarvis	3 97 0 800 0.06802394763324311
jayasekera	3 97 0 800 0.06802394763324311
kap	3 97 0 800 0.06802394763324311
kart	7 93 0 800 0.06802394763324311
katılımcı	3 97 0 800 0.06802394763324311
kefenli	3 97 0 800 0.06802394763324311
kel	3 97 0 800 0.06802394763324311
keşfedil	3 97 0 800 0.06802394763324311
kilometrelik	3 97 0 800 0.06802394763324311
kitle	5 95 0 800 0.06802394763324311
klasör	3 97 0 800 0.06802394763324311
klavye	5 95 0 800 0.06802394763324311
konsol	3 97 0 800 0.06802394763324311
konuştuk	3 97 0 800 0.06802394763324311
kullanıcı	57 43 0 800 0.06802394763324311
kullanılabilen	3 97 0 800 0.06802394763324311
kumar	3 97 0 800 0.06802394763324311
kuzuloğlu	3 97 0 800 0.06802394763324311
kılarak	3 97 0 800 0.06802394763324311
kısmi	3 97 0 800 0.06802394763324311
kısıtlı	3 97 0 800 0.06802394763324311
lanse	3 97 0 800 0.06802394763324311
lar	3 97 0 800 0.06802394763324311
leyla	3 97 0 800 0.06802394763324311
limited	3 97 0 800 0.06802394763324311
live	4 96 0 800 0.06802394763324311
logo	5 95 0 800 0.06802394763324311
lowther	3 97 0 800 0.06802394763324311
lucie	3 97 0 800 0.06802394763324311
mac	3 97 0 800 0.06802394763324311
mail	7 93 0 800 0.06802394763324311
manzara	3 97 0 800 0.06802394763324311
mapping	3 97 0 800 0.06802394763324311
masaüst	4 96 0 800 0.06802394763324311
menü	4 96 0 800 0.06802394763324311
mesajlaşma	3 97 0 800 0.06802394763324311
microsoft	10 90 0 800 0.06802394763324311
mirgün	3 97 0 800 0.06802394763324311
moderasyonunda	3 97 0 800 0.06802394763324311
moderatörlüğünü	3 97 0 800 0.06802394763324311
morillon	3 97 0 800 0.06802394763324311
mücevher	3 97 0 800 0.06802394763324311
nden	3 97 0 800 0.06802394763324311
odabaşı	3 97 0 800 0.06802394763324311
okumak	3 97 0 800 0.06802394763324311
okuyan	3 97 0 800 0.06802394763324311
oldunu	3 97 0 800 0.06802394763324311
one	3 97 0 800 0.06802394763324311
online	4 96 0 800 0.06802394763324311
ops	3 97 0 800 0.06802394763324311
optik	3 97 0 800 0.06802394763324311
otomatik	4 96 0 800 0.06802394763324311
panel	3 97 0 800 0.06802394763324311
papua	3 97 0 800 0.06802394763324311
parlayan	3 97 0 800 0.06802394763324311
pasifik	4 96 0 800 0.06802394763324311
patent	4 96 0 800 0.06802394763324311
paylaşma	8 92 0 800 0.06802394763324311
paylaşmama	3 97 0 800 0.06802394763324311
pazarlama	4 96 0 800 0.06802394763324311
pc	5 95 0 800 0.06802394763324311
penetrasyonu	5 95 0 800 0.06802394763324311
perspektif	3 97 0 800 0.06802394763324311
platform	10 90 0 800 0.06802394763324311
plus	4 96 0 800 0.06802394763324311
politikacı	3 97 0 800 0.06802394763324311
popüler	12 88 0 800 0.06802394763324311
portalı	3 97 0 800 0.06802394763324311
purut	3 97 0 800 0.06802394763324311
rahşan	3 97 0 800 0.06802394763324311
reha	3 97 0 800 0.06802394763324311
reporters	3 97 0 800 0.06802394763324311
rezervasyon	3 97 0 800 0.06802394763324311
rohan	3 97 0 800 0.06802394763324311
sakınma	3 97 0 800 0.06802394763324311
saldırgan	3 97 0 800 0.06802394763324311
sanal	4 96 0 800 0.06802394763324311
saniye	3 97 0 800 0.06802394763324311
serhat	3 97 0 800 0.06802394763324311
servi	6 94 0 800 0.06802394763324311
siber	4 96 0 800 0.06802394763324311
sit	4 96 0 800 0.06802394763324311
skydrive	3 97 0 800 0.06802394763324311
skype	3 97 0 800 0.06802394763324311
solucan	5 95 0 800 0.06802394763324311
sorup	3 97 0 800 0.06802394763324311
stoker	3 97 0 800 0.06802394763324311
studio	3 97 0 800 0.06802394763324311
sunan	6 94 0 800 0.06802394763324311
sunma	3 97 0 800 0.06802394763324311
sunulacak	3 97 0 800 0.06802394763324311
sunulan	3 97 0 800 0.06802394763324311
sunulma	3 97 0 800 0.06802394763324311
sözlük	3 97 0 800 0.06802394763324311
sürü	4 96 0 800 0.06802394763324311
sürüm	7 93 0 800 0.06802394763324311
sıkışmama	3 97 0 800 0.06802394763324311
sınırsız	3 97 0 800 0.06802394763324311
sıralama	3 97 0 800 0.06802394763324311
sırt	3 97 0 800 0.06802394763324311
tabanlı	7 93 0 800 0.06802394763324311
tablet	11 89 0 800 0.06802394763324311
takipçi	3 97 0 800 0.06802394763324311
tamer	3 97 0 800 0.06802394763324311
tanımayan	3 97 0 800 0.06802394763324311
tarayıcı	4 96 0 800 0.06802394763324311
tartışıl	4 96 0 800 0.06802394763324311
tasarla	3 97 0 800 0.06802394763324311
tat	3 97 0 800 0.06802394763324311
tayfun	4 96 0 800 0.06802394763324311
telif	3 97 0 800 0.06802394763324311
tent	3 97 0 800 0.06802394763324311
timur	3 97 0 800 0.06802394763324311
touch	3 97 0 800 0.06802394763324311
trend	4 96 0 800 0.06802394763324311
tutan	3 97 0 800 0.06802394763324311
tutkun	5 95 0 800 0.06802394763324311
tıkla	3 97 0 800 0.06802394763324311
tıklayarak	3 97 0 800 0.06802394763324311
urs	3 97 0 800 0.06802394763324311
uzay	3 97 0 800 0.06802394763324311
varan	3 97 0 800 0.06802394763324311
vurgulan	3 97 0 800 0.06802394763324311
wansoo	3 97 0 800 0.06802394763324311
watch	3 97 0 800 0.06802394763324311
wi	5 95 0 800 0.06802394763324311
windows	13 87 0 800 0.06802394763324311
without	3 97 0 800 0.06802394763324311
www	3 97 0 800 0.06802394763324311
xbox	3 97 0 800 0.06802394763324311
yakalamak	3 97 0 800 0.06802394763324311
yasaklı	3 97 0 800 0.06802394763324311
yatırıl	4 96 0 800 0.06802394763324311
yatırıldık	3 97 0 800 0.06802394763324311
yaygınlaşma	4 96 0 800 0.06802394763324311
yayılma	3 97 0 800 0.06802394763324311
yayınlanma	5 95 0 800 0.06802394763324311
yazılım	11 89 0 800 0.06802394763324311
yepyeni	4 96 0 800 0.06802394763324311
yerelleşme	3 97 0 800 0.06802394763324311
yetenekli	3 97 0 800 0.06802394763324311
yoğunlaşıl	3 97 0 800 0.06802394763324311
yrd	3 97 0 800 0.06802394763324311
yönetmek	3 97 0 800 0.06802394763324311
yönlendiril	3 97 0 800 0.06802394763324311
yükleme	4 96 0 800 0.06802394763324311
zelanda	5 95 0 800 0.06802394763324311
çatı	3 97 0 800 0.06802394763324311
öncülük	3 97 0 800 0.06802394763324311
önlenme	3 97 0 800 0.06802394763324311
özeren	3 97 0 800 0.06802394763324311
öğrenim	3 97 0 800 0.06802394763324311
öğrenme	3 97 0 800 0.06802394763324311
ücretli	4 96 0 800 0.06802394763324311
ünlenen	3 97 0 800 0.06802394763324311
üretmek	3 97 0 800 0.06802394763324311
ım	3 97 0 800 0.06802394763324311
ındex	3 97 0 800 0.06802394763324311
ıı	4 96 0 800 0.06802394763324311
şarj	3 97 0 800 0.06802394763324311
şen	3 97 0 800 0.06802394763324311
mobil	9 91 0 800 0.0680239476332431
samsung	9 91 0 800 0.0680239476332431
şifre	9 91 0 800 0.0680239476332431
akıllı	14 86 3 797 0.05601972158031786
bilgisayar	23 77 6 794 0.05395002743326178
facebook	15 85 5 795 0.05101796072493233
paylaşım	14 86 5 795 0.05012290878238966
ağ	11 89 4 796 0.049884228264378286
kullanarak	8 92 3 797 0.0494719619150859
nesil	8 92 3 797 0.0494719619150859
deney	7 93 3 797 0.04761676334327018
mağaza	7 93 3 797 0.04761676334327018
amaç	6 94 3 797 0.04534929842216207
beklenen	6 94 3 797 0.04534929842216207
bulan	6 94 3 797 0.04534929842216207
cihaz	24 76 12 788 0.04534929842216207
izlemek	6 94 3 797 0.04534929842216207
sunul	8 92 4 796 0.04534929842216207
virüs	6 94 3 797 0.04534929842216207
youtube	6 94 3 797 0.04534929842216207
ödeme	10 90 5 795 0.04534929842216207
jeff	5 95 3 797 0.04251496727077694
olanak	5 95 3 797 0.04251496727077694
sinyal	5 95 3 797 0.04251496727077694
topluluk	5 95 3 797 0.04251496727077694
tr	5 95 3 797 0.04251496727077694
duyur	13 87 8 792 0.04211006282057907
aracılık	9 91 6 794 0.040814368579945866
com	15 85 10 790 0.040814368579945866
elektronik	9 91 6 794 0.040814368579945866
kişisel	9 91 6 794 0.040814368579945866
ücretsiz	6 94 4 796 0.040814368579945866
tüketici	13 87 9 791 0.040195969056007294
servis	14 86 10 790 0.039680636119391814
türkçe	7 93 5 795 0.039680636119391814
başlıklı	4 96 3 797 0.03887082721899606
değinen	4 96 3 797 0.03887082721899606
dinamik	4 96 3 797 0.03887082721899606
fonksiyon	4 96 3 797 0.03887082721899606
gönderilen	4 96 3 797 0.03887082721899606
görü	4 96 3 797 0.03887082721899606
harita	4 96 3 797 0.03887082721899606
ilerleyen	4 96 3 797 0.03887082721899606
kilit	4 96 3 797 0.03887082721899606
kurgu	4 96 3 797 0.03887082721899606
liderlik	4 96 3 797 0.03887082721899606
nihat	4 96 3 797 0.03887082721899606
numara	4 96 3 797 0.03887082721899606
olası	4 96 3 797 0.03887082721899606
profil	4 96 3 797 0.03887082721899606
gönder	5 95 4 796 0.0377910820184684
çeyrek	5 95 4 796 0.0377910820184684
internet	33 67 27 773 0.03741317119828371
seri	6 94 5 795 0.03710397143631442
fırsat	9 91 8 792 0.03601267815877576
teknoloji	29 71 27 773 0.03522668716721518
aktif	3 97 3 797 0.034011973816621556
başak	3 97 3 797 0.034011973816621556
başlangıç	3 97 3 797 0.034011973816621556
başlık	3 97 3 797 0.034011973816621556
belirtilen	4 96 4 796 0.034011973816621556
black	3 97 3 797 0.034011973816621556
boyutlu	4 96 4 796 0.034011973816621556
dünyaca	5 95 5 795 0.034011973816621556
ekşi	3 97 3 797 0.034011973816621556
endonezya	4 96 4 796 0.034011973816621556
ettirme	3 97 3 797 0.034011973816621556
forum	4 96 4 796 0.034011973816621556
haberleşme	6 94 6 794 0.034011973816621556
harika	4 96 4 796 0.034011973816621556
hedefleyen	3 97 3 797 0.034011973816621556
içeren	6 94 6 794 0.034011973816621556
kadir	3 97 3 797 0.034011973816621556
kaldırdık	3 97 3 797 0.034011973816621556
kapan	4 96 4 796 0.034011973816621556
konulu	3 97 3 797 0.034011973816621556
kor	6 94 6 794 0.034011973816621556
köşe	3 97 3 797 0.034011973816621556
kıyı	3 97 3 797 0.034011973816621556
lansman	3 97 3 797 0.034011973816621556
numaralı	3 97 3 797 0.034011973816621556
olgu	3 97 3 797 0.034011973816621556
oluşturulma	3 97 3 797 0.034011973816621556
radikal	3 97 3 797 0.034011973816621556
sahte	3 97 3 797 0.034011973816621556
sayısız	3 97 3 797 0.034011973816621556
serdar	3 97 3 797 0.034011973816621556
sınırlı	3 97 3 797 0.034011973816621556
telefon	26 74 26 774 0.034011973816621556
tor	3 97 3 797 0.034011973816621556
turist	3 97 3 797 0.034011973816621556
ulaşmak	3 97 3 797 0.034011973816621556
yarama	3 97 3 797 0.034011973816621556
yazma	3 97 3 797 0.034011973816621556
yelpaze	3 97 3 797 0.034011973816621556
yerleş	3 97 3 797 0.034011973816621556
çadır	3 97 3 797 0.034011973816621556
çeşitlilik	4 96 4 796 0.034011973816621556
üyelik	3 97 3 797 0.034011973816621556
şili	3 97 3 797 0.034011973816621556
kullanım	18 82 18 782 0.03401197381662155
oyun	16 84 17 783 0.0329813079433906
standart	9 91 10 790 0.03222186993153621
içerik	8 92 9 791 0.03201126947446735
adres	7 93 8 792 0.03174450889551345
açan	7 93 8 792 0.03174450889551345
eğlence	6 94 7 793 0.031395668138419895
geliştirdik	6 94 7 793 0.031395668138419895
iletiş	12 88 14 786 0.031395668138419895
vererek	6 94 7 793 0.031395668138419895
kullanılan	17 83 20 780 0.031254246209868455
ürün	21 79 25 775 0.031054410876045768
müşteri	5 95 6 794 0.030919976196928687
zararlı	5 95 6 794 0.030919976196928687
ücret	5 95 6 794 0.030919976196928687
hızlı	17 83 21 779 0.030431766046450866
baktık	8 92 10 790 0.030232865614774715
geliştirme	8 92 10 790 0.030232865614774715
kurumsal	4 96 5 795 0.030232865614774715
sat	15 85 19 781 0.030010565132313136
dev	18 82 23 777 0.029864172131667706
adet	7 93 9 791 0.029760477089543862
bağlantı	7 93 9 791 0.029760477089543862
amerikalı	3 97 4 796 0.029153120414247048
artması	3 97 4 796 0.029153120414247048
büro	3 97 4 796 0.029153120414247048
denizcilik	3 97 4 796 0.029153120414247048
icra	3 97 4 796 0.029153120414247048
kamera	6 94 8 792 0.029153120414247048
kanalı	3 97 4 796 0.029153120414247048
kay	3 97 4 796 0.029153120414247048
oluşturma	3 97 4 796 0.029153120414247048
polat	3 97 4 796 0.029153120414247048
rahatsız	3 97 4 796 0.029153120414247048
ulaştık	3 97 4 796 0.029153120414247048
çoklu	3 97 4 796 0.029153120414247048
video	8 92 11 789 0.02864166216136552
bünye	5 95 7 793 0.028343311513851294
inandık	5 95 7 793 0.028343311513851294
ortam	5 95 7 793 0.028343311513851294
tamamla	5 95 7 793 0.028343311513851294
dosya	7 93 10 790 0.02800986079015893
seçenek	7 93 10 790 0.02800986079015893
üretici	7 93 10 790 0.02800986079015893
kullanıl	9 91 13 787 0.027827978577235814
devir	11 89 16 784 0.027713460146876825
benze	8 92 12 788 0.027209579053297246
beğeni	4 96 6 794 0.027209579053297246
ihlal	4 96 6 794 0.027209579053297246
planla	4 96 6 794 0.027209579053297246
yapabil	4 96 6 794 0.027209579053297246
üniversitesi	4 96 6 794 0.027209579053297246
karakter	6 94 9 791 0.027209579053297243
açılış	7 93 11 789 0.026453757412927877
gerçekleştirilen	8 92 13 787 0.025913884812664042
ekran	11 89 18 782 0.02580218703329911
sürdür	11 89 18 782 0.02580218703329911
sayfa	14 86 23 777 0.02573879099636226
destekle	3 97 5 795 0.025508980362466165
dinle	3 97 5 795 0.025508980362466165
efsane	3 97 5 795 0.025508980362466165
istifa	3 97 5 795 0.025508980362466165
kurucu	6 94 10 790 0.025508980362466165
merak	9 91 15 785 0.025508980362466165
potansiyel	6 94 10 790 0.025508980362466165
satıl	3 97 5 795 0.025508980362466165
sertifika	3 97 5 795 0.025508980362466165
sun	9 91 15 785 0.025508980362466165
bekledik	10 90 17 783 0.02519405467897893
uygulama	21 79 36 764 0.02506145439119483
ince	4 96 7 793 0.02473598095754295
izle	4 96 7 793 0.02473598095754295
kol	4 96 7 793 0.02473598095754295
ulaştırma	4 96 7 793 0.02473598095754295
veri	12 88 21 779 0.02473598095754295
yayınla	4 96 7 793 0.02473598095754295
geçir	6 94 11 789 0.02400845210585051
hız	12 88 22 778 0.02400845210585051
rekabet	6 94 11 789 0.02400845210585051
uy	6 94 11 789 0.02400845210585051
yazılı	13 87 24 776 0.023900305925193526
şirket	26 74 48 752 0.023900305925193526
altyapı	8 92 15 785 0.0236605035246063
sistem	25 75 47 753 0.023619426261542745
site	18 82 35 765 0.023102472781101432
kullanmak	7 93 14 786 0.02267464921108104
kurulan	7 93 14 786 0.02267464921108104
adam	9 91 18 782 0.022674649211081036
afrika	5 95 10 790 0.022674649211081036
bulma	3 97 6 794 0.022674649211081036
düşünül	3 97 6 794 0.022674649211081036
finansal	3 97 6 794 0.022674649211081036
gönderdik	3 97 6 794 0.022674649211081036
karanlık	4 96 8 792 0.022674649211081036
marka	4 96 8 792 0.022674649211081036
nisa	6 94 12 788 0.022674649211081036
orman	4 96 8 792 0.022674649211081036
osman	3 97 6 794 0.022674649211081036
peki	5 95 10 790 0.022674649211081036
pos	4 96 8 792 0.022674649211081036
stratejik	3 97 6 794 0.022674649211081036
tutulma	3 97 6 794 0.022674649211081036
versiyon	4 96 8 792 0.022674649211081036
hesap	9 91 19 781 0.021864840310685283
küresel	9 91 19 781 0.021864840310685283
bili	16 84 34 766 0.021767663242637795
geniş	8 92 17 783 0.021767663242637795
geçiş	6 94 13 787 0.02148124662102414
test	6 94 13 787 0.02148124662102414
the	6 94 13 787 0.02148124662102414
uzak	6 94 13 787 0.02148124662102414
yerli	6 94 13 787 0.02148124662102414
oluştur	11 89 24 776 0.021378954970447835
mutluluk	5 95 11 789 0.02125748363538847
çekme	5 95 11 789 0.02125748363538847
çıkarma	5 95 11 789 0.02125748363538847
hemen	13 87 29 771 0.021055031410289533
araştırmacı	4 96 9 791 0.020930445425613266
gez	4 96 9 791 0.020930445425613266
imkan	8 92 18 782 0.020930445425613266
kullandık	8 92 18 782 0.020930445425613266
çizgi	4 96 9 791 0.020930445425613266
öncelik	4 96 9 791 0.020930445425613266
bölü	11 89 25 775 0.02078509511015762
aktar	7 93 16 784 0.020702940584030514
nere	7 93 16 784 0.020702940584030514
bulunma	10 90 23 777 0.020613317464619123
alışkanlık	3 97 7 793 0.020407184289972933
bankacılık	3 97 7 793 0.020407184289972933
davranış	3 97 7 793 0.020407184289972933
duyuru	3 97 7 793 0.020407184289972933
esrar	3 97 7 793 0.020407184289972933
fazla	3 97 7 793 0.020407184289972933
gerçekleşen	3 97 7 793 0.020407184289972933
kasırga	3 97 7 793 0.020407184289972933
kolayca	3 97 7 793 0.020407184289972933
söylüyor	3 97 7 793 0.020407184289972933
yıldızlı	3 97 7 793 0.020407184289972933
özlem	3 97 7 793 0.020407184289972933
ruh	5 95 12 788 0.02000704342154209
cep	7 93 17 783 0.019840318059695907
fikir	8 92 20 780 0.01943541360949803
görün	4 96 10 790 0.01943541360949803
iy	6 94 15 785 0.01943541360949803
kategori	4 96 10 790 0.01943541360949803
model	10 90 25 775 0.01943541360949803
paket	4 96 10 790 0.01943541360949803
sandy	4 96 10 790 0.01943541360949803
sağ	4 96 10 790 0.01943541360949803
sevdik	4 96 10 790 0.01943541360949803
yasak	4 96 10 790 0.01943541360949803
duyduk	5 95 13 787 0.0188955410092342
girdik	5 95 13 787 0.0188955410092342
kapasite	5 95 13 787 0.0188955410092342
tatil	5 95 13 787 0.0188955410092342
ışık	5 95 13 787 0.0188955410092342
rakam	13 87 34 766 0.018815134451748095
tamamen	8 92 21 779 0.018765226933308444
ses	11 89 29 771 0.018706585599141855
arena	3 97 8 792 0.01855198571815721
bilin	3 97 8 792 0.01855198571815721
doç	3 97 8 792 0.01855198571815721
dönüş	12 88 32 768 0.01855198571815721
kore	3 97 8 792 0.01855198571815721
kullanıldık	3 97 8 792 0.01855198571815721
nüfus	3 97 8 792 0.01855198571815721
ortaklık	3 97 8 792 0.01855198571815721
seyahat	3 97 8 792 0.01855198571815721
sunu	3 97 8 792 0.01855198571815721
şube	3 97 8 792 0.01855198571815721
üçüncü	7 93 19 781 0.01831413974741161
açıl	4 96 11 789 0.01813971936886483
kesim	4 96 11 789 0.01813971936886483
vakıf	4 96 11 789 0.01813971936886483
yaygı	4 96 11 789 0.01813971936886483
yayınlanan	4 96 11 789 0.01813971936886483
yaşandık	4 96 11 789 0.01813971936886483
edebil	5 95 14 786 0.01790103885085345
sağlayan	5 95 14 786 0.01790103885085345
sunduk	6 94 17 783 0.017745377643454723
işlem	11 89 32 768 0.01740147497594591
artan	4 96 12 788 0.017005986908310778
ceo	3 97 9 791 0.017005986908310778
daire	3 97 9 791 0.017005986908310778
eleştiri	5 95 15 785 0.017005986908310778
geçirdik	3 97 9 791 0.017005986908310778
kitap	5 95 15 785 0.017005986908310778
kullanan	6 94 18 782 0.017005986908310778
kullanma	7 93 21 779 0.017005986908310778
of	5 95 15 785 0.017005986908310778
olmama	3 97 9 791 0.017005986908310778
oluşturduk	3 97 9 791 0.017005986908310778
siyaset	4 96 12 788 0.017005986908310778
süper	3 97 9 791 0.017005986908310778
ulaşma	6 94 18 782 0.017005986908310778
yatırım	5 95 15 785 0.017005986908310778
yazar	5 95 15 785 0.017005986908310778
çap	4 96 12 788 0.017005986908310778
çekerek	3 97 9 791 0.017005986908310778
özgür	3 97 9 791 0.017005986908310778
geliş	9 91 27 773 0.017005986908310775
ortak	9 91 27 773 0.017005986908310775
geri	18 82 55 745 0.016773028183539394
sahip	34 66 104 696 0.016759523329929464
satış	12 88 37 763 0.016658925950998313
rakip	7 93 22 778 0.01641957356664489
özellik	28 72 88 712 0.01641957356664489
kredi	5 95 16 784 0.016196178007915025
bulduk	4 96 13 787 0.016005634737233675
gerçekleştirdik	4 96 13 787 0.016005634737233675
kimlik	4 96 13 787 0.016005634737233675
oluştuk	4 96 13 787 0.016005634737233675
oyna	4 96 13 787 0.016005634737233675
rapor	8 92 26 774 0.016005634737233675
taşı	4 96 13 787 0.016005634737233675
yı	4 96 13 787 0.016005634737233675
çin	4 96 13 787 0.016005634737233675
müdür	18 82 59 741 0.01590170204413475
buluş	7 93 23 777 0.015872254447756726
dakika	7 93 23 777 0.015872254447756726
web	7 93 23 777 0.015872254447756726
yöntem	10 90 33 767 0.015819522705405376
alışveriş	3 97 10 790 0.015697834069209948
arttığını	3 97 10 790 0.015697834069209948
derece	6 94 20 780 0.015697834069209948
gençlik	3 97 10 790 0.015697834069209948
ismail	3 97 10 790 0.015697834069209948
izleyen	3 97 10 790 0.015697834069209948
mark	3 97 10 790 0.015697834069209948
mart	3 97 10 790 0.015697834069209948
ortadoğu	3 97 10 790 0.015697834069209948
otel	3 97 10 790 0.015697834069209948
roman	3 97 10 790 0.015697834069209948
medya	8 92 27 773 0.015548330887598426
ekle	5 95 17 783 0.015459988098464343
inceleme	5 95 17 783 0.015459988098464343
twitter	9 91 31 769 0.015305388217479699
örnek	13 87 45 755 0.01524674688331311
açılma	4 96 14 786 0.015116432807387357
saye	11 89 39 761 0.014965268479313485
hazır	7 93 25 775 0.014880238544771931
doğal	5 95 18 782 0.014787814702878937
ortalama	5 95 18 782 0.014787814702878937
beyaz	6 94 22 778 0.014576560207123524
faruk	3 97 11 789 0.014576560207123524
günlük	3 97 11 789 0.014576560207123524
hata	3 97 11 789 0.014576560207123524
nitelik	3 97 11 789 0.014576560207123524
sohbet	3 97 11 789 0.014576560207123524
ten	3 97 11 789 0.014576560207123524
verici	3 97 11 789 0.014576560207123524
yalnız	3 97 11 789 0.014576560207123524
yüzyıl	3 97 11 789 0.014576560207123524
üs	3 97 11 789 0.014576560207123524
dünya	46 54 171 629 0.014419823000595315
farklı	22 78 82 718 0.01438968123010912
kaynak	8 92 30 770 0.01432083108068276
liste	4 96 15 785 0.01432083108068276
yakala	4 96 15 785 0.01432083108068276
şikayet	4 96 15 785 0.01432083108068276
amerika	5 95 19 781 0.014171655756925647
sorumlu	5 95 19 781 0.014171655756925647
hareket	11 89 42 758 0.014118177810673099
kıs	11 89 42 758 0.014118177810673099
aralık	6 94 23 777 0.014073920199981332
direktör	7 93 27 773 0.014004930395079464
hizmet	17 83 66 734 0.013932615780302807
gelişme	10 90 39 761 0.013882438292498593
gelecek	13 87 51 749 0.013817364363002507
analiz	3 97 12 788 0.013604789526648621
aracı	6 94 24 776 0.013604789526648621
cinsel	3 97 12 788 0.013604789526648621
has	6 94 24 776 0.013604789526648621
masa	5 95 20 780 0.013604789526648621
mümkün	9 91 36 764 0.013604789526648621
profesyonel	3 97 12 788 0.013604789526648621
sanat	6 94 24 776 0.013604789526648621
tar	3 97 12 788 0.013604789526648621
tip	3 97 12 788 0.013604789526648621
yüksel	3 97 12 788 0.013604789526648621
çıkış	6 94 24 776 0.013604789526648621
kullan	16 84 65 735 0.013436829162122096
bulun	15 85 61 739 0.013425779138140087
yen	49 51 200 600 0.013386238690879166
sektör	10 90 41 759 0.013338028947694727
bilgi	30 70 124 676 0.013251418370112294
ticaret	6 94 25 775 0.013165925348369634
ayn	28 72 117 683 0.013135658853315912
üst	11 89 46 754 0.013127428490625865
yan	16 84 67 733 0.013113050146167347
oldukça	5 95 21 779 0.01308152839100829
top	4 96 17 783 0.012956942406332021
yıldırım	4 96 17 783 0.012956942406332021
gerçek	15 85 64 736 0.012915939424033502
nde	7 93 30 770 0.01286939549818113
abd	19 81 82 718 0.012796584208233852
alıp	3 97 13 787 0.012754490181233083
klasik	3 97 13 787 0.012754490181233083
kısım	6 94 26 774 0.012754490181233083
oynadık	3 97 13 787 0.012754490181233083
anlam	11 89 48 752 0.012682430914672445
etkinlik	8 92 35 765 0.0126556181643243
sebep	8 92 35 765 0.0126556181643243
girme	5 95 22 778 0.012597027339489465
güneş	5 95 22 778 0.012597027339489465
milyon	24 76 107 693 0.012462402619830799
dahil	8 92 36 764 0.012367990478771474
düzenleme	4 96 18 782 0.012367990478771474
enerji	4 96 18 782 0.012367990478771474
güçlü	10 90 45 755 0.012367990478771474
hazırladık	4 96 18 782 0.012367990478771474
sosyal	14 86 63 737 0.012367990478771474
tehlike	4 96 18 782 0.012367990478771474
temel	6 94 27 773 0.012367990478771474
öğreti	4 96 18 782 0.012367990478771474
giriş	7 93 32 768 0.012209426498274405
haber	19 81 87 713 0.012192971745581312
beraber	5 95 23 777 0.01214713350593627
kampanya	5 95 23 777 0.01214713350593627
yatır	5 95 23 777 0.01214713350593627
araştırma	16 84 74 726 0.012093146245909887
tercih	8 92 37 763 0.012093146245909887
çeken	11 89 51 749 0.012068764902672165
doğ	3 97 14 786 0.012004226052925254
güve	3 97 14 786 0.012004226052925254
sürpriz	3 97 14 786 0.012004226052925254
orta	34 66 159 641 0.011983493365441793
do	10 90 47 753 0.011934025900568966
film	9 91 43 757 0.01177337555190746
diyerek	6 94 29 771 0.011661248165698818
ettik	6 94 29 771 0.011661248165698818
pazar	6 94 29 771 0.011661248165698818
ora	12 88 59 741 0.011497005233787567
konu	44 56 218 582 0.011423869068178234
in	23 77 114 686 0.011420078799741544
milyar	7 93 35 765 0.01133732460554052
aylık	3 97 15 785 0.011337324605540518
ağustos	4 96 20 780 0.011337324605540518
belirlen	4 96 20 780 0.011337324605540518
bit	4 96 20 780 0.011337324605540518
gerçekleş	3 97 15 785 0.011337324605540518
mayıs	4 96 20 780 0.011337324605540518
rekor	3 97 15 785 0.011337324605540518
sayı	21 79 105 695 0.011337324605540518
süre	8 92 40 760 0.011337324605540518
varlık	3 97 15 785 0.011337324605540518
yarı	4 96 20 780 0.011337324605540518
çağ	3 97 15 785 0.011337324605540518
çıktık	4 96 20 780 0.011337324605540518
şansı	3 97 15 785 0.011337324605540518
güvenlik	13 87 66 734 0.011193814167495701
açıkla	10 90 51 749 0.01115146682512182
gazete	7 93 36 764 0.011073665893783762
ın	19 81 98 702 0.011046623974629223
açık	11 89 57 743 0.011003873881848151
lider	5 95 26 774 0.010971604456974695
firma	4 96 21 779 0.010883831621318897
kazanan	4 96 21 779 0.010883831621318897
kolay	4 96 21 779 0.010883831621318897
madde	4 96 21 779 0.010883831621318897
mahkeme	4 96 21 779 0.010883831621318897
savaş	4 96 21 779 0.010883831621318897
sürekli	4 96 21 779 0.010883831621318897
takip	10 90 53 747 0.010797452005276684
alacak	3 97 16 784 0.01074062331051207
boyut	3 97 16 784 0.01074062331051207
bırakma	3 97 16 784 0.01074062331051207
görülen	6 94 32 768 0.01074062331051207
transfer	3 97 16 784 0.01074062331051207
yatak	3 97 16 784 0.01074062331051207
gir	9 91 48 752 0.010740623310512069
ad	20 80 107 693 0.01071243269814852
yapan	16 84 86 714 0.010670423158155782
düzey	5 95 27 773 0.010628741817694236
isteyen	5 95 27 773 0.010628741817694236
zaman	32 68 173 627 0.01061837231348185
suç	7 93 38 762 0.010581502965171151
destek	13 87 71 729 0.010527515705144767
teşekkür	4 96 22 778 0.010465222712806633
trafik	4 96 22 778 0.010465222712806633
çeşitli	8 92 44 756 0.010465222712806633
sır	12 88 66 734 0.010465222712806631
tam	9 91 50 750 0.010376534384732
güney	5 95 28 772 0.010306658732309562
ilgi	10 90 56 744 0.010306658732309562
an	26 74 146 654 0.010282689758513493
nin	21 79 118 682 0.010276999282720183
önemli	30 70 169 631 0.010254866477373333
beklen	6 94 34 766 0.010203592144986466
oda	3 97 17 783 0.010203592144986466
alan	35 65 199 601 0.010174522081895336
tespit	7 93 40 760 0.010131226243248975
yıldız	7 93 40 760 0.010131226243248975
alınma	4 96 23 777 0.010077621871591572
büyüme	4 96 23 777 0.010077621871591572
gitme	4 96 23 777 0.010077621871591572
yi	5 95 29 771 0.010003521710771046
insan	21 79 122 678 0.009989530771315421
faz	20 80 117 683 0.009930503304123081
değiş	7 93 41 759 0.009920159029847954
müzik	8 92 47 753 0.00989439238301718
soru	17 83 100 700 0.009883821450984043
yapı	9 91 53 747 0.009874444011277225
çek	13 87 77 723 0.009825681324801782
yapma	15 85 89 711 0.009811146293256218
dikkat	23 77 137 663 0.009778442472278697
anlaşma	3 97 18 782 0.009717706804749015
ar	4 96 24 776 0.009717706804749015
dava	4 96 24 776 0.009717706804749015
deniz	6 94 36 764 0.009717706804749015
ekonomi	6 94 36 764 0.009717706804749015
görüntü	4 96 24 776 0.009717706804749015
kurban	4 96 24 776 0.009717706804749015
sabah	4 96 24 776 0.009717706804749015
sağla	6 94 36 764 0.009717706804749015
su	8 92 48 752 0.009717706804749015
tehdit	3 97 18 782 0.009717706804749015
veril	8 92 48 752 0.009717706804749015
yaparak	3 97 18 782 0.009717706804749015
yönetici	5 95 30 770 0.009717706804749015
zarar	5 95 30 770 0.009717706804749015
dan	9 91 55 745 0.009565867635924812
gün	41 59 251 549 0.009551307715626602
konuşma	8 92 49 751 0.009547220720455173
nda	7 93 43 757 0.009523352668654035
prof	7 93 43 757 0.009523352668654035
bekle	6 94 37 763 0.009491713623243225
tl	6 94 37 763 0.009491713623243225
toplu	6 94 37 763 0.009491713623243225
sür	18 82 111 689 0.009491713623243223
birbiri	5 95 31 769 0.0094477705046171
kat	5 95 31 769 0.0094477705046171
uluslararası	10 90 62 738 0.0094477705046171
hal	27 73 168 632 0.009418700441525969
çalışan	9 91 56 744 0.009418700441525969
çık	22 78 137 663 0.009412118540448733
erkek	4 96 25 775 0.009382613466654222
geçmiş	4 96 25 775 0.009382613466654222
yabancı	4 96 25 775 0.009382613466654222
ay	29 71 183 617 0.009305162647943633
düştük	3 97 19 781 0.009275992859078605
eylem	3 97 19 781 0.009275992859078605
tanı	3 97 19 781 0.009275992859078605
önem	6 94 38 762 0.009275992859078605
mesaj	8 92 51 749 0.009223586119761778
oy	8 92 51 749 0.009223586119761778
şekil	18 82 115 685 0.009206248551867488
isimli	5 95 32 768 0.009192425355843664
uygun	7 93 45 755 0.009157069873705804
şekli	9 91 58 742 0.009137545204465492
başla	17 83 110 690 0.009105567793426243
bak	6 94 39 761 0.009069859684432415
değer	4 96 26 774 0.009069859684432415
işbirlik	4 96 26 774 0.009069859684432415
kaydeden	4 96 26 774 0.009069859684432415
resim	6 94 39 761 0.009069859684432415
getir	15 85 98 702 0.009029727561934925
ilk	30 70 196 604 0.009029727561934925
olma	24 76 157 643 0.009019749962418975
kadın	5 95 33 767 0.008950519425426726
büyük	32 68 212 588 0.008921173460097458
dış	16 84 106 694 0.008921173460097458
kabul	8 92 53 747 0.008921173460097458
bölüm	6 94 40 760 0.008872688821727362
nokta	9 91 60 740 0.008872688821727362
sözcü	3 97 20 780 0.008872688821727362
yoğ	6 94 40 760 0.008872688821727362
uyarı	4 96 27 773 0.008777283565579757
üretim	4 96 27 773 0.008777283565579757
ün	9 91 61 739 0.008745936124274113
dair	5 95 34 766 0.00872101892733886
istedik	6 94 41 759 0.00868390820849912
genç	9 91 62 738 0.008622753925340676
bulunduk	15 85 104 696 0.008574447180660897
başarı	8 92 56 744 0.008502993454155389
küçük	5 95 35 765 0.008502993454155389
mutlaka	3 97 21 779 0.008502993454155389
nun	6 94 42 758 0.008502993454155389
olduk	14 86 98 702 0.008502993454155389
sınır	5 95 35 765 0.008502993454155389
tür	6 94 42 758 0.008502993454155389
verilen	6 94 42 758 0.008502993454155389
program	9 91 63 737 0.008502993454155387
belirt	16 84 113 687 0.0084370787762162
tek	15 85 106 694 0.00843272078098055
yük	11 89 78 722 0.008407454201861508
ye	33 67 235 565 0.008376083104093369
teknik	8 92 57 743 0.008372178170245307
çocuk	13 87 93 707 0.00834255961539774
değişiklik	6 94 43 757 0.008329462975499156
taş	6 94 43 757 0.008329462975499156
almak	5 95 36 764 0.008295603369907697
etme	15 85 108 692 0.008295603369907697
te	5 95 36 764 0.008295603369907697
dil	17 83 123 677 0.008260050784036663
yıl	47 53 341 459 0.008240014275160891
birlik	21 79 153 647 0.008209786783322445
dergi	3 97 22 778 0.008162873715989174
gittik	3 97 22 778 0.008162873715989174
okul	6 94 44 756 0.008162873715989174
silah	3 97 22 778 0.008162873715989174
sivil	3 97 22 778 0.008162873715989174
sorumluluk	3 97 22 778 0.008162873715989174
alma	13 87 96 704 0.008112947882863857
edil	10 90 74 726 0.008098089003957512
üzeri	31 69 230 570 0.00807947270739669
araç	7 93 52 748 0.008070637854791556
amacı	8 92 60 740 0.008002817368616837
bugün	16 84 120 680 0.008002817368616837
ihtiyaç	8 92 60 740 0.008002817368616837
süren	4 96 30 770 0.008002817368616837
doğu	6 94 45 755 0.008002817368616836
içeri	10 90 76 724 0.007909761352702688
konuşan	5 95 38 762 0.007909761352702688
açıklama	26 74 198 602 0.007895636778858576
dönem	17 83 130 670 0.00786671503241587
belirterek	12 88 92 708 0.007848917034604974
bölge	12 88 92 708 0.007848917034604974
faaliyet	6 94 46 754 0.007848917034604974
kur	9 91 69 731 0.007848917034604974
kurum	3 97 23 777 0.007848917034604974
kültür	6 94 46 754 0.007848917034604974
ünlü	9 91 69 731 0.007848917034604974
göster	7 93 54 746 0.0078060267775852754
performans	4 96 31 769 0.007774165443799213
piyasa	4 96 31 769 0.007774165443799213
yaşayan	4 96 31 769 0.007774165443799213
çöz	4 96 31 769 0.007774165443799213
gerek	12 88 93 707 0.007774165443799212
özel	12 88 93 707 0.007774165443799212
dr	9 91 70 730 0.007749563654420101
ziyaret	5 95 39 761 0.007729994049232172
ara	35 65 274 526 0.007704977887260545
sor	6 94 47 753 0.007700824260367144
den	7 93 55 745 0.007680123119882287
ait	8 92 63 737 0.0076646701558583785
gelme	7 93 56 744 0.00755821640369368
anadolu	4 96 32 768 0.007558216403693679
düşük	3 97 24 776 0.007558216403693679
düşün	6 94 48 752 0.007558216403693679
fotoğraf	6 94 48 752 0.007558216403693679
plan	5 95 40 760 0.007558216403693679
türkiye	32 68 256 544 0.007558216403693679
yay	3 97 24 776 0.007558216403693679
ülke	23 77 186 614 0.0074858889739932615
avrupa	9 91 73 727 0.0074660430329169265
yar	9 91 73 727 0.0074660430329169265
genel	20 80 163 637 0.007434311216747881
gelen	19 81 155 645 0.007427902327767926
yaşa	12 88 98 702 0.007420794287262884
söz	16 84 131 669 0.007403967089332584
açı	5 95 41 759 0.007393907351439469
kes	4 96 33 767 0.007353940284674931
new	4 96 33 767 0.007353940284674931
ödül	4 96 33 767 0.007353940284674931
alındık	3 97 25 775 0.007288280103561762
aç	6 94 50 750 0.007288280103561762
getiren	6 94 50 750 0.007288280103561762
hayal	3 97 25 775 0.007288280103561762
talep	6 94 50 750 0.007288280103561762
terör	3 97 25 775 0.007288280103561762
hak	18 82 150 650 0.007288280103561761
kaydet	13 87 109 691 0.007248453436329184
karar	9 91 76 724 0.007202535631755152
tarih	14 86 119 681 0.007160415540341381
ak	8 92 68 732 0.00716041554034138
kalan	4 96 34 766 0.00716041554034138
topla	6 94 51 749 0.00716041554034138
veren	8 92 68 732 0.00716041554034138
ev	11 89 94 706 0.007126318323482612
al	27 73 231 569 0.007118785217432419
yaz	7 93 60 740 0.0071069796034731614
dek	5 95 43 757 0.007085827878462824
daki	3 97 26 774 0.007036960099990666
karşılık	3 97 26 774 0.007036960099990666
çift	3 97 26 774 0.007036960099990666
iste	13 87 113 687 0.007018343803429845
alt	15 85 131 669 0.006988761743141415
art	19 81 166 634 0.006986243270441184
gel	24 76 210 590 0.006976815141871088
adlı	5 95 44 756 0.006941219146249297
uzman	5 95 44 756 0.006941219146249297
başka	28 72 249 551 0.006876066908775477
iş	17 83 152 648 0.006842645619912029
doğru	8 92 72 728 0.0068023947633243115
yapılma	4 96 36 764 0.0068023947633243115
belirtil	6 94 54 746 0.006802394763324311
dön	3 97 27 773 0.006802394763324311
fiyat	3 97 27 773 0.006802394763324311
işaret	6 94 54 746 0.006802394763324311
verilme	3 97 27 773 0.006802394763324311
kişi	21 79 191 609 0.006738221227821251
edilen	9 91 82 718 0.006727643172518549
bul	12 88 110 690 0.006690880095073092
yaşadık	6 94 55 745 0.006690880095073092
eylül	4 96 37 763 0.006636482695926157
kalma	4 96 37 763 0.006636482695926157
yardımcı	8 92 74 726 0.006636482695926157
çevre	4 96 37 763 0.006636482695926157
eğitim	7 93 65 735 0.006613439353231969
karşı	14 86 130 670 0.006613439353231969
yaklaşık	7 93 65 735 0.006613439353231969
bülent	3 97 28 772 0.006582962674184817
hava	3 97 28 772 0.006582962674184817
hazırlan	3 97 28 772 0.006582962674184817
kuzey	3 97 28 772 0.006582962674184817
para	6 94 56 744 0.006582962674184817
iddia	8 92 75 725 0.006556525073083673
kar	8 92 75 725 0.006556525073083673
duru	12 88 113 687 0.006530298972791338
gerektik	8 92 76 724 0.0064784712031660105
olabil	7 93 67 733 0.006434697749090565
kas	10 90 96 704 0.006417353550305953
katılan	3 97 29 771 0.006377245090616541
oluş	3 97 29 771 0.006377245090616541
oluşan	4 96 39 761 0.00632780908216215
başladık	5 95 49 751 0.006298513669744732
vurgulayan	5 95 49 751 0.006298513669744732
gör	6 94 59 741 0.0062791336276839796
olmadık	6 94 59 741 0.0062791336276839796
olacak	7 93 69 731 0.006265363597798708
üniversite	8 92 79 721 0.006255075644436148
belli	3 97 30 770 0.006183995239385737
ekip	10 90 100 700 0.006183995239385737
geçtik	6 94 60 740 0.006183995239385737
görev	8 92 80 720 0.006183995239385737
lira	4 96 40 760 0.006183995239385737
oran	4 96 40 760 0.006183995239385737
proje	6 94 60 740 0.006183995239385737
sonuç	14 86 140 660 0.006183995239385737
ulaş	3 97 30 770 0.006183995239385737
uz	8 92 80 720 0.006183995239385737
yön	6 94 60 740 0.006183995239385737
öğrenci	3 97 30 770 0.006183995239385737
iyi	15 85 151 649 0.006146742256015944
bulunan	11 89 111 689 0.006133306753817002
ikinci	7 93 71 729 0.0061047132491372025
baş	15 85 153 647 0.006073566752968135
baskı	3 97 31 769 0.006002113026462627
fatih	3 97 31 769 0.006002113026462627
isim	6 94 62 738 0.006002113026462627
televizyon	3 97 31 769 0.006002113026462627
yeterli	3 97 31 769 0.006002113026462627
ciddi	5 95 52 748 0.005967012950284483
ol	19 81 201 599 0.0058747954774164505
edildik	3 97 32 768 0.005830624082849409
el	18 82 192 608 0.005830624082849409
gördük	3 97 32 768 0.005830624082849409
toplantı	7 93 75 725 0.0058069223589353874
konuş	16 84 172 628 0.005789272138999413
fark	5 95 54 746 0.005764741324851111
güzel	5 95 54 746 0.005764741324851111
ileri	5 95 54 746 0.005764741324851111
zor	8 92 87 713 0.0057283324322731045
çalış	8 92 87 713 0.0057283324322731045
belirten	9 91 98 702 0.0057216404551325975
verdik	9 91 98 702 0.0057216404551325975
yak	10 90 109 691 0.0057162981204405975
ankara	7 93 77 723 0.00566866230277026
eş	4 96 44 756 0.005668662302770259
hav	3 97 33 767 0.005668662302770259
ingiltere	3 97 33 767 0.005668662302770259
çıkan	8 92 88 712 0.005668662302770259
geç	8 92 89 711 0.005610222485215927
yeni	7 93 78 722 0.005601972158031786
anlat	6 94 67 733 0.005591009394513132
spor	5 95 56 744 0.00557573341256091
yol	13 87 146 654 0.00556170641026516
bağlı	4 96 45 755 0.005552975316999438
başarılı	4 96 45 755 0.005552975316999438
sanatçı	4 96 45 755 0.005552975316999438
ver	17 83 192 608 0.005533048372081976
birinci	3 97 34 766 0.005515455213506198
eser	3 97 34 766 0.005515455213506198
yönelik	5 95 57 743 0.005485802228487348
deva	17 83 194 606 0.005480602415948497
hafta	4 96 46 754 0.005441915810659449
kazan	4 96 46 754 0.005441915810659449
rol	4 96 46 754 0.005441915810659449
tahmin	3 97 35 765 0.005370311655256035
taraf	3 97 35 765 0.005370311655256035
mücadele	5 95 60 740 0.0052326113564033164
süreci	4 96 48 752 0.0052326113564033164
çıkma	5 95 60 740 0.0052326113564033164
eski	6 94 72 728 0.005232611356403316
gazeteci	3 97 36 764 0.005232611356403316
gereken	3 97 36 764 0.005232611356403316
kontrol	3 97 36 764 0.005232611356403316
hayat	12 88 146 654 0.005166375769613401
müdürlük	4 96 49 751 0.005133882840244763
ilişki	10 90 123 677 0.005114582528815271
aile	5 95 62 738 0.005076414002480829
kurulu	4 96 50 750 0.005038810935795786
boy	5 95 63 737 0.005001760855385523
çalışma	13 87 164 636 0.004996109148204296
doktor	3 97 38 762 0.004977362021944618
kaldık	3 97 38 762 0.004977362021944618
devlet	7 93 89 711 0.004960079514923977
yer	12 88 153 647 0.004947196191508589
geçen	10 90 128 672 0.004929271567626312
düzenlenen	5 95 65 735 0.004858853402374508
yetkili	3 97 39 761 0.004858853402374508
ifade	17 83 223 577 0.00481836295735472
durum	6 94 79 721 0.004801690421170101
aldık	9 91 119 681 0.004782933817962406
merkez	8 92 106 694 0.004773610360227587
yıllık	4 96 53 747 0.004773610360227587
polis	3 97 40 760 0.0047458568116216125
seviye	3 97 40 760 0.0047458568116216125
etki	5 95 67 733 0.00472388525230855
koy	4 96 54 746 0.004691306733327111
iç	9 91 122 678 0.004673400982436549
yok	9 91 124 676 0.004603124275933744
yap	9 91 125 675 0.004568772602232746
istanbul	9 91 128 672 0.004468726486855386
iz	3 97 43 757 0.004436344410863681
saat	6 94 87 713 0.004388641782789878
et	12 88 176 624 0.00434195410424956
sahne	3 97 44 756 0.00434195410424956
sıra	6 94 88 712 0.00434195410424956
söyle	15 85 221 579 0.004323555993638333
yaş	7 93 104 696 0.00428979849939371
görüşme	3 97 45 755 0.0042514967270776945
meydan	3 97 45 755 0.0042514967270776945
nın	6 94 90 710 0.0042514967270776945
parti	5 95 75 725 0.0042514967270776945
ada	6 94 91 709 0.004207666863911945
oyuncu	5 95 76 724 0.004199009113163155
kuruluş	3 97 46 754 0.004164731487749578
katkı	3 97 47 753 0.004081436857994587
milletvekil	3 97 47 753 0.004081436857994587
alınan	4 96 63 737 0.004061131201984663
kadı	4 96 63 737 0.004061131201984663
hedef	3 97 48 752 0.004001408684308418
arkadaş	4 96 65 735 0.00394341725410105
katıl	3 97 49 751 0.003924458517302487
yönetim	5 95 82 718 0.003909422277772592
başkanlık	4 96 66 734 0.0038870827218996065
türk	8 92 132 668 0.0038870827218996065
geldik	5 95 83 717 0.003864997024616086
ek	5 95 84 716 0.003821570091755231
il	3 97 51 749 0.0037791082018468394
sorun	3 97 52 748 0.003710397143631442
olay	5 95 89 711 0.0036182950868746335
vatandaş	3 97 54 746 0.00358020777017069
üye	4 96 72 728 0.00358020777017069
grup	6 94 109 691 0.003549075528690945
bakan	5 95 92 708 0.003506389053259954
göz	4 96 75 725 0.0034442505130756005
yapıl	6 94 115 685 0.0033730883123922204
haf	4 96 81 719 0.0032011269474467347
güç	4 96 82 718 0.003163904541081075
bildir	3 97 63 737 0.0030919976196928686
etmek	3 97 65 735 0.0030010565132313136
bas	4 96 92 708 0.0028343311513851295
tak	3 97 69 731 0.0028343311513851295
sağlık	4 96 93 707 0.0028051112426079636
düş	3 97 73 727 0.0026851558276280176
halk	3 97 78 722 0.002519405467897893
verme	3 97 87 713 0.0022674649211081037
aa	4 96 155 645 0.0017112942800815876
