adası	3 97 0 800 0.06802394763324311
ah	3 97 0 800 0.06802394763324311
akbar	4 96 0 800 0.06802394763324311
aksu	3 97 0 800 0.06802394763324311
aktör	3 97 0 800 0.06802394763324311
alper	3 97 0 800 0.06802394763324311
alıcı	3 97 0 800 0.06802394763324311
anjelıka	4 96 0 800 0.06802394763324311
anlatarak	4 96 0 800 0.06802394763324311
anlattık	5 95 0 800 0.06802394763324311
anlatılan	3 97 0 800 0.06802394763324311
anlatıldık	4 96 0 800 0.06802394763324311
anı	5 95 0 800 0.06802394763324311
aramak	3 97 0 800 0.06802394763324311
artışına	4 96 0 800 0.06802394763324311
aslı	4 96 0 800 0.06802394763324311
asıllı	3 97 0 800 0.06802394763324311
atilla	3 97 0 800 0.06802394763324311
attila	4 96 0 800 0.06802394763324311
atıl	3 97 0 800 0.06802394763324311
ayasofya	3 97 0 800 0.06802394763324311
ayşe	5 95 0 800 0.06802394763324311
açıklanma	3 97 0 800 0.06802394763324311
ağaoğlu	3 97 0 800 0.06802394763324311
ağırlama	3 97 0 800 0.06802394763324311
ağırlıklı	3 97 0 800 0.06802394763324311
aşan	3 97 0 800 0.06802394763324311
babylon	4 96 0 800 0.06802394763324311
bad	3 97 0 800 0.06802394763324311
bale	4 96 0 800 0.06802394763324311
balo	3 97 0 800 0.06802394763324311
bara	3 97 0 800 0.06802394763324311
basit	3 97 0 800 0.06802394763324311
başlayarak	3 97 0 800 0.06802394763324311
bedir	3 97 0 800 0.06802394763324311
belgesel	6 94 0 800 0.06802394763324311
benzetme	4 96 0 800 0.06802394763324311
beste	5 95 0 800 0.06802394763324311
besteci	8 92 0 800 0.06802394763324311
besteledik	6 94 0 800 0.06802394763324311
betül	3 97 0 800 0.06802394763324311
beyoğlu	4 96 0 800 0.06802394763324311
bilge	5 95 0 800 0.06802394763324311
bilinme	4 96 0 800 0.06802394763324311
birbirleri	4 96 0 800 0.06802394763324311
bitmek	3 97 0 800 0.06802394763324311
buluşma	4 96 0 800 0.06802394763324311
buluştur	4 96 0 800 0.06802394763324311
büyüleyici	3 97 0 800 0.06802394763324311
bırakan	3 97 0 800 0.06802394763324311
bırakıp	3 97 0 800 0.06802394763324311
cadde	4 96 0 800 0.06802394763324311
caz	4 96 0 800 0.06802394763324311
cem	10 90 0 800 0.06802394763324311
cemal	4 96 0 800 0.06802394763324311
cenk	6 94 0 800 0.06802394763324311
center	4 96 0 800 0.06802394763324311
ceren	3 97 0 800 0.06802394763324311
chris	4 96 0 800 0.06802394763324311
cümle	3 97 0 800 0.06802394763324311
davul	4 96 0 800 0.06802394763324311
dayan	3 97 0 800 0.06802394763324311
demirkubuz	5 95 0 800 0.06802394763324311
değişik	8 92 0 800 0.06802394763324311
dinleti	3 97 0 800 0.06802394763324311
dinleyen	5 95 0 800 0.06802394763324311
dinleyici	6 94 0 800 0.06802394763324311
diyalog	4 96 0 800 0.06802394763324311
diyarbakırlı	3 97 0 800 0.06802394763324311
dorsay	5 95 0 800 0.06802394763324311
duran	3 97 0 800 0.06802394763324311
easternbull	3 97 0 800 0.06802394763324311
ebru	3 97 0 800 0.06802394763324311
ece	6 94 0 800 0.06802394763324311
edebiyat	6 94 0 800 0.06802394763324311
edilemeyen	3 97 0 800 0.06802394763324311
efes	5 95 0 800 0.06802394763324311
elif	4 96 0 800 0.06802394763324311
emperor	3 97 0 800 0.06802394763324311
enerjik	3 97 0 800 0.06802394763324311
engin	5 95 0 800 0.06802394763324311
entertainment	3 97 0 800 0.06802394763324311
ep	4 96 0 800 0.06802394763324311
eren	3 97 0 800 0.06802394763324311
esinlenerek	4 96 0 800 0.06802394763324311
etkilen	3 97 0 800 0.06802394763324311
ex	3 97 0 800 0.06802394763324311
ezgi	4 96 0 800 0.06802394763324311
eğlenceli	7 93 0 800 0.06802394763324311
festival	16 84 0 800 0.06802394763324311
festivali	7 93 0 800 0.06802394763324311
fil	4 96 0 800 0.06802394763324311
friedman	3 97 0 800 0.06802394763324311
gangnam	3 97 0 800 0.06802394763324311
gelişen	3 97 0 800 0.06802394763324311
gerçeklik	3 97 0 800 0.06802394763324311
gezdik	5 95 0 800 0.06802394763324311
gidecek	3 97 0 800 0.06802394763324311
gidip	3 97 0 800 0.06802394763324311
gitar	7 93 0 800 0.06802394763324311
gitarist	4 96 0 800 0.06802394763324311
gizemli	3 97 0 800 0.06802394763324311
görüşmek	3 97 0 800 0.06802394763324311
gösteril	10 90 0 800 0.06802394763324311
gösterilme	3 97 0 800 0.06802394763324311
gösterim	5 95 0 800 0.06802394763324311
günay	7 93 0 800 0.06802394763324311
haksız	4 96 0 800 0.06802394763324311
hediye	3 97 0 800 0.06802394763324311
heep	3 97 0 800 0.06802394763324311
heykel	8 92 0 800 0.06802394763324311
hit	3 97 0 800 0.06802394763324311
hırsız	3 97 0 800 0.06802394763324311
ideal	3 97 0 800 0.06802394763324311
ilahi	4 96 0 800 0.06802394763324311
ilham	5 95 0 800 0.06802394763324311
ilki	4 96 0 800 0.06802394763324311
imge	3 97 0 800 0.06802394763324311
intikam	4 96 0 800 0.06802394763324311
iplik	3 97 0 800 0.06802394763324311
istemeyen	4 96 0 800 0.06802394763324311
istiklal	4 96 0 800 0.06802394763324311
isveç	5 95 0 800 0.06802394763324311
isviçre	3 97 0 800 0.06802394763324311
ivme	4 96 0 800 0.06802394763324311
izlenen	5 95 0 800 0.06802394763324311
jackson	3 97 0 800 0.06802394763324311
jay	3 97 0 800 0.06802394763324311
jazz	3 97 0 800 0.06802394763324311
johanson	3 97 0 800 0.06802394763324311
joker	5 95 0 800 0.06802394763324311
jolly	5 95 0 800 0.06802394763324311
jüri	3 97 0 800 0.06802394763324311
kapadokya	4 96 0 800 0.06802394763324311
kapanma	3 97 0 800 0.06802394763324311
kapsayan	3 97 0 800 0.06802394763324311
kare	5 95 0 800 0.06802394763324311
katmak	3 97 0 800 0.06802394763324311
kaydederek	4 96 0 800 0.06802394763324311
kaydettik	3 97 0 800 0.06802394763324311
keçi	3 97 0 800 0.06802394763324311
kktc	3 97 0 800 0.06802394763324311
koleksiyon	5 95 0 800 0.06802394763324311
koleksiyoncu	3 97 0 800 0.06802394763324311
konsept	3 97 0 800 0.06802394763324311
konuşulan	4 96 0 800 0.06802394763324311
konçerto	3 97 0 800 0.06802394763324311
koreli	3 97 0 800 0.06802394763324311
korkma	3 97 0 800 0.06802394763324311
koruyan	6 94 0 800 0.06802394763324311
lobi	5 95 0 800 0.06802394763324311
loomis	3 97 0 800 0.06802394763324311
loomıs	3 97 0 800 0.06802394763324311
macalpine	3 97 0 800 0.06802394763324311
mahkûm	3 97 0 800 0.06802394763324311
market	3 97 0 800 0.06802394763324311
marty	3 97 0 800 0.06802394763324311
marş	5 95 0 800 0.06802394763324311
masal	3 97 0 800 0.06802394763324311
megadeth	3 97 0 800 0.06802394763324311
meltem	4 96 0 800 0.06802394763324311
merve	3 97 0 800 0.06802394763324311
mesel	3 97 0 800 0.06802394763324311
mesleki	4 96 0 800 0.06802394763324311
metal	6 94 0 800 0.06802394763324311
metin	5 95 0 800 0.06802394763324311
mezar	3 97 0 800 0.06802394763324311
misafir	7 93 0 800 0.06802394763324311
montreal	3 97 0 800 0.06802394763324311
mozart	4 96 0 800 0.06802394763324311
muhteşem	6 94 0 800 0.06802394763324311
muş	3 97 0 800 0.06802394763324311
mühim	3 97 0 800 0.06802394763324311
müzayede	4 96 0 800 0.06802394763324311
müze	8 92 0 800 0.06802394763324311
müzesi	4 96 0 800 0.06802394763324311
müzikal	4 96 0 800 0.06802394763324311
müziksever	5 95 0 800 0.06802394763324311
mısınız	5 95 0 800 0.06802394763324311
nefret	5 95 0 800 0.06802394763324311
nevermore	3 97 0 800 0.06802394763324311
neşeli	3 97 0 800 0.06802394763324311
nilüfer	3 97 0 800 0.06802394763324311
oblivion	3 97 0 800 0.06802394763324311
okuma	5 95 0 800 0.06802394763324311
okur	7 93 0 800 0.06802394763324311
omurga	3 97 0 800 0.06802394763324311
opera	3 97 0 800 0.06802394763324311
order	4 96 0 800 0.06802394763324311
orijinal	4 96 0 800 0.06802394763324311
orkestra	3 97 0 800 0.06802394763324311
oscar	5 95 0 800 0.06802394763324311
osmanlı	4 96 0 800 0.06802394763324311
park	4 96 0 800 0.06802394763324311
pasaj	3 97 0 800 0.06802394763324311
paylaşan	3 97 0 800 0.06802394763324311
perde	4 96 0 800 0.06802394763324311
perdelik	3 97 0 800 0.06802394763324311
perküsyon	3 97 0 800 0.06802394763324311
phase	3 97 0 800 0.06802394763324311
pir	4 96 0 800 0.06802394763324311
piyanist	3 97 0 800 0.06802394763324311
piyano	5 95 0 800 0.06802394763324311
plains	3 97 0 800 0.06802394763324311
poland	3 97 0 800 0.06802394763324311
portakal	3 97 0 800 0.06802394763324311
prodüksiyon	3 97 0 800 0.06802394763324311
prodüktör	3 97 0 800 0.06802394763324311
progressive	3 97 0 800 0.06802394763324311
prömiyer	4 96 0 800 0.06802394763324311
psy	3 97 0 800 0.06802394763324311
pınar	5 95 0 800 0.06802394763324311
radyo	5 95 0 800 0.06802394763324311
raf	3 97 0 800 0.06802394763324311
ray	3 97 0 800 0.06802394763324311
ressam	3 97 0 800 0.06802394763324311
restorasyon	4 96 0 800 0.06802394763324311
ritim	3 97 0 800 0.06802394763324311
rock	10 90 0 800 0.06802394763324311
rom	5 95 0 800 0.06802394763324311
rutkay	4 96 0 800 0.06802394763324311
rüya	4 96 0 800 0.06802394763324311
safi	3 97 0 800 0.06802394763324311
sahnelen	3 97 0 800 0.06802394763324311
sak	3 97 0 800 0.06802394763324311
sanatsal	3 97 0 800 0.06802394763324311
sanatsever	5 95 0 800 0.06802394763324311
sar	3 97 0 800 0.06802394763324311
sara	4 96 0 800 0.06802394763324311
saygun	3 97 0 800 0.06802394763324311
sel	5 95 0 800 0.06802394763324311
senfoni	3 97 0 800 0.06802394763324311
serdaroğlu	3 97 0 800 0.06802394763324311
sergi	7 93 0 800 0.06802394763324311
sergile	3 97 0 800 0.06802394763324311
serkan	3 97 0 800 0.06802394763324311
seslendir	5 95 0 800 0.06802394763324311
seul	3 97 0 800 0.06802394763324311
seven	7 93 0 800 0.06802394763324311
sevin	3 97 0 800 0.06802394763324311
sevinç	3 97 0 800 0.06802394763324311
seyhan	3 97 0 800 0.06802394763324311
sezen	4 96 0 800 0.06802394763324311
seçki	5 95 0 800 0.06802394763324311
sinan	5 95 0 800 0.06802394763324311
sinemasever	3 97 0 800 0.06802394763324311
solistlik	3 97 0 800 0.06802394763324311
solo	4 96 0 800 0.06802394763324311
soluklu	3 97 0 800 0.06802394763324311
style	4 96 0 800 0.06802394763324311
suat	3 97 0 800 0.06802394763324311
söyleşi	5 95 0 800 0.06802394763324311
tabak	3 97 0 800 0.06802394763324311
tablo	3 97 0 800 0.06802394763324311
taner	3 97 0 800 0.06802394763324311
tango	4 96 0 800 0.06802394763324311
tanın	5 95 0 800 0.06802394763324311
tanınan	5 95 0 800 0.06802394763324311
tanıtma	3 97 0 800 0.06802394763324311
tanıtım	3 97 0 800 0.06802394763324311
taşımak	4 96 0 800 0.06802394763324311
teki	3 97 0 800 0.06802394763324311
tema	4 96 0 800 0.06802394763324311
tempo	3 97 0 800 0.06802394763324311
terk	3 97 0 800 0.06802394763324311
tony	3 97 0 800 0.06802394763324311
topkapı	3 97 0 800 0.06802394763324311
tos	3 97 0 800 0.06802394763324311
turne	4 96 0 800 0.06802394763324311
tuval	5 95 0 800 0.06802394763324311
tör	5 95 0 800 0.06802394763324311
unutma	4 96 0 800 0.06802394763324311
unvan	3 97 0 800 0.06802394763324311
uriah	3 97 0 800 0.06802394763324311
urıah	3 97 0 800 0.06802394763324311
us	5 95 0 800 0.06802394763324311
usta	4 96 0 800 0.06802394763324311
uyarlama	4 96 0 800 0.06802394763324311
uğraş	3 97 0 800 0.06802394763324311
varyasyon	3 97 0 800 0.06802394763324311
vicdan	3 97 0 800 0.06802394763324311
videolu	3 97 0 800 0.06802394763324311
vokal	3 97 0 800 0.06802394763324311
vörös	3 97 0 800 0.06802394763324311
wolfgang	3 97 0 800 0.06802394763324311
yakalama	4 96 0 800 0.06802394763324311
yalnızca	4 96 0 800 0.06802394763324311
yansıtan	4 96 0 800 0.06802394763324311
yapımcı	3 97 0 800 0.06802394763324311
yapımcılık	3 97 0 800 0.06802394763324311
yapıt	6 94 0 800 0.06802394763324311
yaratma	3 97 0 800 0.06802394763324311
yayıl	3 97 0 800 0.06802394763324311
yayın	3 97 0 800 0.06802394763324311
yayınları	3 97 0 800 0.06802394763324311
yayınlayan	4 96 0 800 0.06802394763324311
yazı	7 93 0 800 0.06802394763324311
yazıl	7 93 0 800 0.06802394763324311
yazıp	3 97 0 800 0.06802394763324311
yaşamak	3 97 0 800 0.06802394763324311
yeraltı	5 95 0 800 0.06802394763324311
yeşim	4 96 0 800 0.06802394763324311
yitik	5 95 0 800 0.06802394763324311
yolculuk	8 92 0 800 0.06802394763324311
yollayarak	3 97 0 800 0.06802394763324311
yoğunlaşan	3 97 0 800 0.06802394763324311
yönetmenlik	7 93 0 800 0.06802394763324311
zero	3 97 0 800 0.06802394763324311
zevk	3 97 0 800 0.06802394763324311
ziya	3 97 0 800 0.06802394763324311
zorlandık	3 97 0 800 0.06802394763324311
zülüf	3 97 0 800 0.06802394763324311
çağdaş	3 97 0 800 0.06802394763324311
çekici	5 95 0 800 0.06802394763324311
çeviri	4 96 0 800 0.06802394763324311
çevrilen	3 97 0 800 0.06802394763324311
çirkin	3 97 0 800 0.06802394763324311
çiğde	3 97 0 800 0.06802394763324311
ödüllü	6 94 0 800 0.06802394763324311
ölümsüz	3 97 0 800 0.06802394763324311
ören	3 97 0 800 0.06802394763324311
övgü	4 96 0 800 0.06802394763324311
özer	3 97 0 800 0.06802394763324311
özgü	3 97 0 800 0.06802394763324311
ümit	4 96 0 800 0.06802394763324311
üstat	5 95 0 800 0.06802394763324311
üstlen	3 97 0 800 0.06802394763324311
üstlenen	3 97 0 800 0.06802394763324311
üzerlerine	3 97 0 800 0.06802394763324311
üçleme	3 97 0 800 0.06802394763324311
ıhsahn	3 97 0 800 0.06802394763324311
ılk	3 97 0 800 0.06802394763324311
ısparta	3 97 0 800 0.06802394763324311
ıstanbul	3 97 0 800 0.06802394763324311
şahane	3 97 0 800 0.06802394763324311
şair	6 94 0 800 0.06802394763324311
şenay	3 97 0 800 0.06802394763324311
şiir	7 93 0 800 0.06802394763324311
klip	9 91 0 800 0.0680239476332431
layık	9 91 0 800 0.0680239476332431
tarz	9 91 0 800 0.0680239476332431
çal	9 91 0 800 0.0680239476332431
eser	34 66 3 797 0.06250849241973691
doğ	14 86 3 797 0.05601972158031786
es	13 87 3 797 0.05526945745201003
sanat	24 76 6 794 0.054419158106594485
yüzyıl	11 89 3 797 0.05344738742611959
hayran	10 90 3 797 0.05232611356403316
roman	10 90 3 797 0.05232611356403316
albüm	19 81 6 794 0.05169820020126476
kitap	15 85 5 795 0.05101796072493233
yazar	15 85 5 795 0.05101796072493233
yönetme	11 89 4 796 0.049884228264378286
edip	8 92 3 797 0.0494719619150859
taşıyan	8 92 3 797 0.0494719619150859
sanatçı	35 65 14 786 0.04858853402374507
kültürel	7 93 3 797 0.04761676334327018
müzisyen	7 93 3 797 0.04761676334327018
onur	7 93 3 797 0.04761676334327018
ertuğrul	9 91 4 796 0.04709350220762984
müzik	37 63 18 782 0.045761564771454454
turizm	14 86 7 793 0.04534929842216208
şarkı	14 86 7 793 0.04534929842216208
gösterilen	6 94 3 797 0.04534929842216207
italyan	6 94 3 797 0.04534929842216207
sulta	6 94 3 797 0.04534929842216207
zeki	6 94 3 797 0.04534929842216207
ndan	7 93 4 796 0.04328796667570017
bilet	5 95 3 797 0.04251496727077694
efsane	5 95 3 797 0.04251496727077694
erkan	5 95 3 797 0.04251496727077694
fabrika	5 95 3 797 0.04251496727077694
gerçekleştir	5 95 3 797 0.04251496727077694
geçerek	5 95 3 797 0.04251496727077694
gökhan	5 95 3 797 0.04251496727077694
koruma	5 95 3 797 0.04251496727077694
olimpiyat	5 95 3 797 0.04251496727077694
satıl	5 95 3 797 0.04251496727077694
tolga	5 95 3 797 0.04251496727077694
konser	11 89 7 793 0.04157019022031524
beğeni	6 94 4 796 0.040814368579945866
ziyaretçi	6 94 4 796 0.040814368579945866
yarışma	10 90 7 793 0.04001408684308418
hikaye	15 85 11 789 0.03924458517302487
akdeniz	4 96 3 797 0.03887082721899606
akkaya	4 96 3 797 0.03887082721899606
alternatif	4 96 3 797 0.03887082721899606
amerikalı	4 96 3 797 0.03887082721899606
bakma	4 96 3 797 0.03887082721899606
dans	8 92 6 794 0.03887082721899606
değerlendirilme	4 96 3 797 0.03887082721899606
em	8 92 6 794 0.03887082721899606
fikret	4 96 3 797 0.03887082721899606
james	4 96 3 797 0.03887082721899606
kay	4 96 3 797 0.03887082721899606
keyifli	4 96 3 797 0.03887082721899606
kostüm	4 96 3 797 0.03887082721899606
nitelik	8 92 6 794 0.03887082721899606
nuri	4 96 3 797 0.03887082721899606
orhan	4 96 3 797 0.03887082721899606
sinir	4 96 3 797 0.03887082721899606
vadi	4 96 3 797 0.03887082721899606
vizyon	4 96 3 797 0.03887082721899606
yönettik	4 96 3 797 0.03887082721899606
ödül	21 79 16 784 0.03860818649454339
klasik	9 91 7 793 0.038263470543699246
lise	5 95 4 796 0.0377910820184684
rus	5 95 4 796 0.0377910820184684
sahiplik	5 95 4 796 0.0377910820184684
üstlendik	5 95 4 796 0.0377910820184684
mekan	6 94 5 795 0.03710397143631442
parça	13 87 11 789 0.036846304968006685
ismail	7 93 6 794 0.03662827949482322
gösteri	8 92 7 793 0.03627943873772966
izleyici	8 92 7 793 0.03627943873772966
tiyatro	9 91 8 792 0.03601267815877576
konuk	10 90 9 791 0.0358020777017069
yazdık	10 90 9 791 0.0358020777017069
kültür	27 73 25 775 0.035320126655722386
altan	5 95 5 795 0.034011973816621556
anımsatarak	3 97 3 797 0.034011973816621556
avusturya	3 97 3 797 0.034011973816621556
bay	3 97 3 797 0.034011973816621556
başak	3 97 3 797 0.034011973816621556
beklemedik	3 97 3 797 0.034011973816621556
beyin	3 97 3 797 0.034011973816621556
bira	3 97 3 797 0.034011973816621556
bitme	3 97 3 797 0.034011973816621556
black	3 97 3 797 0.034011973816621556
boyutlu	4 96 4 796 0.034011973816621556
buluş	15 85 15 785 0.034011973816621556
dilek	3 97 3 797 0.034011973816621556
dostluk	4 96 4 796 0.034011973816621556
duygu	6 94 6 794 0.034011973816621556
dönen	3 97 3 797 0.034011973816621556
dönüm	4 96 4 796 0.034011973816621556
dünyaca	5 95 5 795 0.034011973816621556
fransız	5 95 5 795 0.034011973816621556
gerçekleştiril	8 92 8 792 0.034011973816621556
gizem	3 97 3 797 0.034011973816621556
gönderme	3 97 3 797 0.034011973816621556
hapishane	3 97 3 797 0.034011973816621556
harika	4 96 4 796 0.034011973816621556
hedefleyen	3 97 3 797 0.034011973816621556
izlenme	3 97 3 797 0.034011973816621556
kadir	3 97 3 797 0.034011973816621556
kalmak	3 97 3 797 0.034011973816621556
konulu	3 97 3 797 0.034011973816621556
lansman	3 97 3 797 0.034011973816621556
londra	7 93 7 793 0.034011973816621556
mühendis	4 96 4 796 0.034011973816621556
nı	3 97 3 797 0.034011973816621556
oku	6 94 6 794 0.034011973816621556
onay	3 97 3 797 0.034011973816621556
perşembe	7 93 7 793 0.034011973816621556
peş	3 97 3 797 0.034011973816621556
sayısız	3 97 3 797 0.034011973816621556
senaryo	4 96 4 796 0.034011973816621556
serdar	3 97 3 797 0.034011973816621556
seslen	3 97 3 797 0.034011973816621556
sinema	12 88 12 788 0.034011973816621556
tanıma	3 97 3 797 0.034011973816621556
tanımlama	3 97 3 797 0.034011973816621556
tor	3 97 3 797 0.034011973816621556
um	5 95 5 795 0.034011973816621556
uyku	3 97 3 797 0.034011973816621556
yalçın	3 97 3 797 0.034011973816621556
yat	3 97 3 797 0.034011973816621556
yazan	3 97 3 797 0.034011973816621556
yazma	3 97 3 797 0.034011973816621556
yerleş	3 97 3 797 0.034011973816621556
çanta	3 97 3 797 0.034011973816621556
çevir	3 97 3 797 0.034011973816621556
çeşitlilik	4 96 4 796 0.034011973816621556
çıkarak	3 97 3 797 0.034011973816621556
çıkarıl	4 96 4 796 0.034011973816621556
çıkarılan	4 96 4 796 0.034011973816621556
öde	3 97 3 797 0.034011973816621556
ömür	3 97 3 797 0.034011973816621556
öncü	3 97 3 797 0.034011973816621556
öğren	4 96 4 796 0.034011973816621556
duyduk	9 91 9 791 0.03401197381662155
boyut	9 91 10 790 0.03222186993153621
the	9 91 10 790 0.03222186993153621
cuma	8 92 9 791 0.03201126947446735
açıl	7 93 8 792 0.03174450889551345
şarkıcı	7 93 8 792 0.03174450889551345
gez	6 94 7 793 0.031395668138419895
kariyer	6 94 7 793 0.031395668138419895
ker	6 94 7 793 0.031395668138419895
kişilik	11 89 13 787 0.031177642665236427
başar	5 95 6 794 0.030919976196928687
deprem	5 95 6 794 0.030919976196928687
ibrahim	5 95 6 794 0.030919976196928687
seri	5 95 6 794 0.030919976196928687
sahne	21 79 26 774 0.030393678729746923
fransa	8 92 10 790 0.030232865614774715
güzellik	4 96 5 795 0.030232865614774715
temmuz	4 96 5 795 0.030232865614774715
kasım	11 89 14 786 0.02993053695862697
davet	7 93 9 791 0.029760477089543862
hakan	7 93 9 791 0.029760477089543862
kurucu	7 93 9 791 0.029760477089543862
adnan	6 94 8 792 0.029153120414247048
bulgaristan	3 97 4 796 0.029153120414247048
camia	3 97 4 796 0.029153120414247048
canlandır	3 97 4 796 0.029153120414247048
deneme	3 97 4 796 0.029153120414247048
edirne	3 97 4 796 0.029153120414247048
gelir	3 97 4 796 0.029153120414247048
götür	3 97 4 796 0.029153120414247048
harita	3 97 4 796 0.029153120414247048
kapı	6 94 8 792 0.029153120414247048
kurgu	3 97 4 796 0.029153120414247048
makam	3 97 4 796 0.029153120414247048
ni	3 97 4 796 0.029153120414247048
sefer	3 97 4 796 0.029153120414247048
toprak	3 97 4 796 0.029153120414247048
yanıtla	6 94 8 792 0.029153120414247048
yaşlı	3 97 4 796 0.029153120414247048
gerçekleştirilen	9 91 12 788 0.029153120414247044
tanıt	9 91 12 788 0.029153120414247044
liste	8 92 11 789 0.02864166216136552
video	8 92 11 789 0.02864166216136552
karanlık	5 95 7 793 0.028343311513851294
türkçe	5 95 7 793 0.028343311513851294
versiyon	5 95 7 793 0.028343311513851294
aralık	12 88 17 783 0.028147840399962664
le	7 93 10 790 0.02800986079015893
ağırla	4 96 6 794 0.027209579053297246
coğrafya	4 96 6 794 0.027209579053297246
gerçekleşen	4 96 6 794 0.027209579053297246
geçirme	4 96 6 794 0.027209579053297246
itibar	4 96 6 794 0.027209579053297246
kavram	4 96 6 794 0.027209579053297246
öz	4 96 6 794 0.027209579053297246
ücretsiz	4 96 6 794 0.027209579053297246
ilgi	26 74 40 760 0.02679731270400486
adlı	19 81 30 770 0.026376632755747326
film	20 80 32 768 0.02616305678201658
iade	5 95 8 792 0.02616305678201658
sevgi	5 95 8 792 0.02616305678201658
yayımlan	5 95 8 792 0.02616305678201658
ünlü	30 70 48 752 0.02616305678201658
imza	13 87 21 779 0.02600915644800472
isimli	14 86 23 777 0.02573879099636226
nde	14 86 23 777 0.02573879099636226
endüstri	3 97 5 795 0.025508980362466165
eşlik	6 94 10 790 0.025508980362466165
ferhat	3 97 5 795 0.025508980362466165
jeff	3 97 5 795 0.025508980362466165
kurulduk	3 97 5 795 0.025508980362466165
mardin	3 97 5 795 0.025508980362466165
pazartesi	3 97 5 795 0.025508980362466165
tanıdık	3 97 5 795 0.025508980362466165
topluluk	3 97 5 795 0.025508980362466165
zeynep	3 97 5 795 0.025508980362466165
özcan	3 97 5 795 0.025508980362466165
şark	6 94 10 790 0.025508980362466165
tl	16 84 27 773 0.0253112363286486
yerli	7 93 12 788 0.02506145439119483
isim	25 75 43 757 0.025008804276927615
barış	8 92 14 786 0.02473598095754295
bilin	4 96 7 793 0.02473598095754295
düştük	8 92 14 786 0.02473598095754295
evlat	4 96 7 793 0.02473598095754295
ikili	4 96 7 793 0.02473598095754295
temsil	4 96 7 793 0.02473598095754295
yorum	8 92 14 786 0.02473598095754295
çerçeve	8 92 14 786 0.02473598095754295
kazanan	9 91 16 784 0.02448862114796752
tasar	5 95 9 791 0.02429426701187254
yalnız	5 95 9 791 0.02429426701187254
şubat	5 95 9 791 0.02429426701187254
paylaş	6 94 11 789 0.02400845210585051
seyirci	6 94 11 789 0.02400845210585051
taşı	6 94 11 789 0.02400845210585051
bat	7 93 13 787 0.02380838167163509
düzenlen	7 93 13 787 0.02380838167163509
üçüncü	9 91 17 783 0.02354675110381492
dur	7 93 14 786 0.02267464921108104
kurulan	7 93 14 786 0.02267464921108104
and	3 97 6 794 0.022674649211081036
atma	3 97 6 794 0.022674649211081036
açan	5 95 10 790 0.022674649211081036
açılma	6 94 12 788 0.022674649211081036
bur	5 95 10 790 0.022674649211081036
bünye	4 96 8 792 0.022674649211081036
cumartesi	6 94 12 788 0.022674649211081036
disiplin	3 97 6 794 0.022674649211081036
düşündük	3 97 6 794 0.022674649211081036
gelip	3 97 6 794 0.022674649211081036
görmek	3 97 6 794 0.022674649211081036
güneş	9 91 18 782 0.022674649211081036
hassasiyet	3 97 6 794 0.022674649211081036
hollanda	4 96 8 792 0.022674649211081036
huzur	3 97 6 794 0.022674649211081036
hüseyin	3 97 6 794 0.022674649211081036
insanlık	3 97 6 794 0.022674649211081036
inşallah	3 97 6 794 0.022674649211081036
istatistik	3 97 6 794 0.022674649211081036
kapsamlı	3 97 6 794 0.022674649211081036
korku	4 96 8 792 0.022674649211081036
meti	3 97 6 794 0.022674649211081036
murat	3 97 6 794 0.022674649211081036
osman	3 97 6 794 0.022674649211081036
paris	3 97 6 794 0.022674649211081036
set	3 97 6 794 0.022674649211081036
sunul	4 96 8 792 0.022674649211081036
tamamla	4 96 8 792 0.022674649211081036
ter	4 96 8 792 0.022674649211081036
youtube	3 97 6 794 0.022674649211081036
özdemir	3 97 6 794 0.022674649211081036
etkinlik	14 86 29 771 0.022147331787567524
oluşan	14 86 29 771 0.022147331787567524
salon	12 88 26 774 0.02148124662102414
performans	11 89 24 776 0.021378954970447835
bap	5 95 11 789 0.02125748363538847
gece	15 85 33 767 0.02125748363538847
hazır	10 90 22 778 0.02125748363538847
çektik	5 95 11 789 0.02125748363538847
eğlence	4 96 9 791 0.020930445425613266
kale	4 96 9 791 0.020930445425613266
töre	4 96 9 791 0.020930445425613266
veda	4 96 9 791 0.020930445425613266
taş	15 85 34 766 0.02082365743874789
aktar	7 93 16 784 0.020702940584030514
destekledik	3 97 7 793 0.020407184289972933
dolu	3 97 7 793 0.020407184289972933
eskişehir	3 97 7 793 0.020407184289972933
keyif	3 97 7 793 0.020407184289972933
kolayca	3 97 7 793 0.020407184289972933
masum	3 97 7 793 0.020407184289972933
of	6 94 14 786 0.020407184289972933
tanık	3 97 7 793 0.020407184289972933
tavır	3 97 7 793 0.020407184289972933
yapabil	3 97 7 793 0.020407184289972933
çekil	3 97 7 793 0.020407184289972933
kadro	11 89 26 774 0.02022333578285606
doğan	5 95 12 788 0.02000704342154209
sun	7 93 17 783 0.019840318059695907
tut	7 93 17 783 0.019840318059695907
den	18 82 44 756 0.01974888802255445
atan	4 96 10 790 0.01943541360949803
faruk	4 96 10 790 0.01943541360949803
hapis	4 96 10 790 0.01943541360949803
hayal	8 92 20 780 0.01943541360949803
meslek	4 96 10 790 0.01943541360949803
organizasyon	4 96 10 790 0.01943541360949803
ten	4 96 10 790 0.01943541360949803
yaşam	8 92 20 780 0.01943541360949803
gerçekleş	5 95 13 787 0.0188955410092342
ingiliz	5 95 13 787 0.0188955410092342
tan	8 92 21 779 0.018765226933308444
örnek	16 84 42 758 0.018765226933308444
ses	11 89 29 771 0.018706585599141855
arena	3 97 8 792 0.01855198571815721
bulunmak	3 97 8 792 0.01855198571815721
cinayet	3 97 8 792 0.01855198571815721
dördüncü	3 97 8 792 0.01855198571815721
düşünme	3 97 8 792 0.01855198571815721
etkile	3 97 8 792 0.01855198571815721
kore	3 97 8 792 0.01855198571815721
yapama	3 97 8 792 0.01855198571815721
yürüttük	3 97 8 792 0.01855198571815721
yaz	18 82 49 751 0.018275090408930984
adres	4 96 11 789 0.01813971936886483
sağlan	4 96 11 789 0.01813971936886483
vakıf	4 96 11 789 0.01813971936886483
yakın	4 96 11 789 0.01813971936886483
yarış	4 96 11 789 0.01813971936886483
fatih	9 91 25 775 0.01800633907938788
antalya	5 95 14 786 0.01790103885085345
kemal	5 95 14 786 0.01790103885085345
sağlayan	5 95 14 786 0.01790103885085345
çarşamba	5 95 14 786 0.01790103885085345
deniz	11 89 31 769 0.01781579580870653
bilinen	6 94 17 783 0.017745377643454723
tekrar	13 87 37 763 0.01768622638464321
giren	7 93 20 780 0.01763583827528525
ilginç	7 93 20 780 0.01763583827528525
ün	18 82 52 748 0.017491872248548226
istanbul	35 65 102 698 0.017378380782215392
yıldız	12 88 35 765 0.01736781641699824
alman	3 97 9 791 0.017005986908310778
amerikan	5 95 15 785 0.017005986908310778
artış	5 95 15 785 0.017005986908310778
ateş	5 95 15 785 0.017005986908310778
başvuru	3 97 9 791 0.017005986908310778
bilme	4 96 12 788 0.017005986908310778
biçim	3 97 9 791 0.017005986908310778
canlı	7 93 21 779 0.017005986908310778
değerli	3 97 9 791 0.017005986908310778
doğrultu	4 96 12 788 0.017005986908310778
etap	3 97 9 791 0.017005986908310778
görülme	3 97 9 791 0.017005986908310778
işçi	4 96 12 788 0.017005986908310778
kafa	5 95 15 785 0.017005986908310778
kayıt	5 95 15 785 0.017005986908310778
konya	3 97 9 791 0.017005986908310778
mutluluk	4 96 12 788 0.017005986908310778
oluş	8 92 24 776 0.017005986908310778
oluşturduk	3 97 9 791 0.017005986908310778
pos	3 97 9 791 0.017005986908310778
verecek	4 96 12 788 0.017005986908310778
yurt	8 92 24 776 0.017005986908310778
çap	4 96 12 788 0.017005986908310778
şehir	10 90 30 770 0.017005986908310778
anadolu	9 91 27 773 0.017005986908310775
ahmet	8 92 25 775 0.0164906539716953
öğrenci	8 92 25 775 0.0164906539716953
bey	7 93 22 778 0.01641957356664489
tarih	32 68 101 699 0.01636666409220887
kolay	6 94 19 781 0.016325747431978347
yaparak	5 95 16 784 0.016196178007915025
aşk	8 92 26 774 0.016005634737233675
güve	4 96 13 787 0.016005634737233675
ruh	4 96 13 787 0.016005634737233675
sürpriz	4 96 13 787 0.016005634737233675
mutlu	11 89 36 764 0.015920498382248387
arka	7 93 23 777 0.015872254447756726
açtık	3 97 10 790 0.015697834069209948
başkent	9 91 30 770 0.015697834069209948
eleme	3 97 10 790 0.015697834069209948
müdürlüğü	3 97 10 790 0.015697834069209948
oğul	3 97 10 790 0.015697834069209948
reddet	3 97 10 790 0.015697834069209948
söyledik	3 97 10 790 0.015697834069209948
yargı	3 97 10 790 0.015697834069209948
çizgi	3 97 10 790 0.015697834069209948
çiçek	3 97 10 790 0.015697834069209948
ın	27 73 90 710 0.015697834069209948
medya	8 92 27 773 0.015548330887598426
mustafa	8 92 27 773 0.015548330887598426
aziz	5 95 17 783 0.015459988098464343
düşen	5 95 17 783 0.015459988098464343
hazırladık	5 95 17 783 0.015459988098464343
ta	5 95 17 783 0.015459988098464343
kıs	12 88 41 759 0.015401648520734288
açılış	4 96 14 786 0.015116432807387357
modern	4 96 14 786 0.015116432807387357
rekor	4 96 14 786 0.015116432807387357
tatil	4 96 14 786 0.015116432807387357
varlık	4 96 14 786 0.015116432807387357
yay	6 94 21 779 0.015116432807387357
çağ	4 96 14 786 0.015116432807387357
ışık	4 96 14 786 0.015116432807387357
şahin	4 96 14 786 0.015116432807387357
nda	11 89 39 761 0.014965268479313485
dev	9 91 32 768 0.014932086065833853
aday	7 93 25 775 0.014880238544771931
iz	10 90 36 764 0.014787814702878937
yılma	5 95 18 782 0.014787814702878937
kas	23 77 83 717 0.014759913165703695
ilk	49 51 177 623 0.014748555017827045
gerçek	17 83 62 738 0.014638064680571303
beraber	6 94 22 778 0.014576560207123524
günlük	3 97 11 789 0.014576560207123524
hata	3 97 11 789 0.014576560207123524
kategori	3 97 11 789 0.014576560207123524
mehmet	12 88 44 756 0.014576560207123524
metre	3 97 11 789 0.014576560207123524
meyve	3 97 11 789 0.014576560207123524
normal	6 94 22 778 0.014576560207123524
paket	3 97 11 789 0.014576560207123524
temsilci	6 94 22 778 0.014576560207123524
trabzon	3 97 11 789 0.014576560207123524
çelik	3 97 11 789 0.014576560207123524
görül	7 93 26 774 0.014429322225233387
oyun	7 93 26 774 0.014429322225233387
proje	14 86 52 748 0.014429322225233387
temel	7 93 26 774 0.014429322225233387
kapsam	11 89 41 759 0.01438968123010912
bırakma	4 96 15 785 0.01432083108068276
kalan	8 92 30 770 0.01432083108068276
mesele	4 96 15 785 0.01432083108068276
uzak	4 96 15 785 0.01432083108068276
yakala	4 96 15 785 0.01432083108068276
adalet	5 95 19 781 0.014171655756925647
na	5 95 19 781 0.014171655756925647
süre	10 90 38 762 0.014171655756925647
çıktık	5 95 19 781 0.014171655756925647
be	6 94 23 777 0.014073920199981332
erkek	6 94 23 777 0.014073920199981332
yabancı	6 94 23 777 0.014073920199981332
boy	14 86 54 746 0.014004930395079464
dair	8 92 31 769 0.013953630283742177
at	10 90 39 761 0.013882438292498593
akşam	12 88 47 753 0.013835379179642665
destek	17 83 67 733 0.013766751306727772
bildiren	4 96 16 784 0.013604789526648623
türk	28 72 112 688 0.013604789526648623
aklı	3 97 12 788 0.013604789526648621
aracılık	3 97 12 788 0.013604789526648621
ayrılan	3 97 12 788 0.013604789526648621
cinsel	3 97 12 788 0.013604789526648621
david	3 97 12 788 0.013604789526648621
elektronik	3 97 12 788 0.013604789526648621
geniş	5 95 20 780 0.013604789526648621
gösterdik	5 95 20 780 0.013604789526648621
heyecan	3 97 12 788 0.013604789526648621
işbirlik	6 94 24 776 0.013604789526648621
katkı	10 90 40 760 0.013604789526648621
kişisel	3 97 12 788 0.013604789526648621
saygı	3 97 12 788 0.013604789526648621
siyah	3 97 12 788 0.013604789526648621
van	3 97 12 788 0.013604789526648621
vermek	6 94 24 776 0.013604789526648621
ait	14 86 57 743 0.013413172772752164
birbiri	7 93 29 771 0.013226878706463939
kalp	7 93 29 771 0.013226878706463939
hazırlan	6 94 25 775 0.013165925348369634
süreç	6 94 25 775 0.013165925348369634
yak	23 77 96 704 0.013147485677013375
diyarbakır	5 95 21 779 0.01308152839100829
etkili	5 95 21 779 0.01308152839100829
katıl	10 90 42 758 0.01308152839100829
başrol	4 96 17 783 0.012956942406332021
takip	12 88 51 749 0.012956942406332021
not	7 93 30 770 0.01286939549818113
alıp	3 97 13 787 0.012754490181233083
bağlantı	3 97 13 787 0.012754490181233083
başarı	12 88 52 748 0.012754490181233083
dek	9 91 39 761 0.012754490181233083
ders	3 97 13 787 0.012754490181233083
duvar	3 97 13 787 0.012754490181233083
getirdik	3 97 13 787 0.012754490181233083
kardeş	3 97 13 787 0.012754490181233083
çekme	3 97 13 787 0.012754490181233083
çıkan	18 82 78 722 0.012754490181233083
iyi	31 69 135 665 0.012703267329099616
güzel	11 89 48 752 0.012682430914672445
al	48 52 210 590 0.0126556181643243
düzenlenen	13 87 57 743 0.01263301884617372
düzenledik	5 95 22 778 0.012597027339489465
halk	15 85 66 734 0.012597027339489465
oyuncu	15 85 66 734 0.012597027339489465
yemek	5 95 22 778 0.012597027339489465
can	7 93 31 769 0.012530727195597415
kayıp	4 96 18 782 0.012367990478771474
kongre	4 96 18 782 0.012367990478771474
kullanıl	4 96 18 782 0.012367990478771474
lira	8 92 36 764 0.012367990478771474
tek	22 78 99 701 0.012367990478771474
ulaş	6 94 27 773 0.012367990478771474
yapıldık	8 92 36 764 0.012367990478771474
ziyaret	8 92 36 764 0.012367990478771474
ömer	4 96 18 782 0.012367990478771474
yan	15 85 68 732 0.012293484512031888
uluslararası	13 87 59 741 0.012282101656002228
kazan	9 91 41 759 0.01224431057398376
baba	7 93 32 768 0.012209426498274405
sır	14 86 64 736 0.012209426498274405
almanya	5 95 23 777 0.01214713350593627
beyaz	5 95 23 777 0.01214713350593627
biraz	8 92 37 763 0.012093146245909887
göz	14 86 65 735 0.012054876795764603
darbe	3 97 14 786 0.012004226052925254
galatasaray	3 97 14 786 0.012004226052925254
kimlik	3 97 14 786 0.012004226052925254
sev	3 97 14 786 0.012004226052925254
ye	47 53 221 579 0.011929572905829947
küçük	7 93 33 767 0.011904190835817546
grup	20 80 95 705 0.01183025176230315
kamuoy	4 96 19 781 0.01183025176230315
tv	4 96 19 781 0.01183025176230315
york	4 96 19 781 0.01183025176230315
ad	22 78 105 695 0.011783675967963375
sürdür	5 95 24 776 0.011728266833317777
çaba	5 95 24 776 0.011728266833317777
çift	5 95 24 776 0.011728266833317777
aldık	22 78 106 694 0.01169161599946366
dal	6 94 29 771 0.011661248165698818
inan	6 94 29 771 0.011661248165698818
ulusal	6 94 29 771 0.011661248165698818
yaşayan	6 94 29 771 0.011661248165698818
özel	18 82 87 713 0.011661248165698818
önemli	34 66 165 635 0.011622182007689778
doktor	7 93 34 766 0.011613844717870775
te	7 93 34 766 0.011613844717870775
uz	15 85 73 727 0.011594991073848258
genç	12 88 59 741 0.011497005233787567
yıl	65 35 323 477 0.011395764423094852
ayrı	5 95 25 775 0.011337324605540518
cihan	3 97 15 785 0.011337324605540518
devlet	16 84 80 720 0.011337324605540518
fiyat	5 95 25 775 0.011337324605540518
geliştirme	3 97 15 785 0.011337324605540518
hazırlık	3 97 15 785 0.011337324605540518
ingiltere	6 94 30 770 0.011337324605540518
izmir	4 96 20 780 0.011337324605540518
nın	16 84 80 720 0.011337324605540518
sarı	4 96 20 780 0.011337324605540518
web	5 95 25 775 0.011337324605540518
yarı	4 96 20 780 0.011337324605540518
bakanlık	10 90 51 749 0.01115146682512182
çalışma	29 71 148 652 0.011145166561378815
farklı	17 83 87 713 0.011119299132357048
başarılı	8 92 41 759 0.011105950633998876
bekle	7 93 36 764 0.011073665893783762
bayram	6 94 31 769 0.011030910427012396
birinci	6 94 31 769 0.011030910427012396
new	6 94 31 769 0.011030910427012396
sayfa	6 94 31 769 0.011030910427012396
bülent	5 95 26 774 0.010971604456974695
yapı	10 90 52 748 0.010971604456974695
çeken	10 90 52 748 0.010971604456974695
üretim	5 95 26 774 0.010971604456974695
veril	9 91 47 753 0.010932420155342642
com	4 96 21 779 0.010883831621318897
önem	7 93 37 763 0.010821991668925042
alacak	3 97 16 784 0.01074062331051207
kötü	6 94 32 768 0.01074062331051207
ocak	3 97 16 784 0.01074062331051207
sezon	6 94 32 768 0.01074062331051207
tahmin	6 94 32 768 0.01074062331051207
topla	9 91 48 752 0.010740623310512069
alt	23 77 123 677 0.010716101339483504
dünya	34 66 183 617 0.010658130043918275
kar	13 87 70 730 0.01065435324376097
dan	10 90 54 746 0.010628741817694236
kısım	5 95 27 773 0.010628741817694236
tartışma	5 95 27 773 0.010628741817694236
resim	7 93 38 762 0.010581502965171151
yaşa	17 83 93 707 0.010512791906955754
iletiş	4 96 22 778 0.010465222712806633
oldukça	4 96 22 778 0.010465222712806633
süreci	8 92 44 756 0.010465222712806633
çıkma	10 90 55 745 0.010465222712806633
eski	12 88 66 734 0.010465222712806631
giriş	6 94 33 767 0.010465222712806631
in	21 79 116 684 0.010427028469329237
anlam	9 91 50 750 0.010376534384732
ev	16 84 89 711 0.010365553925065617
bölüm	7 93 39 761 0.010351470292015257
yoğ	7 93 39 761 0.010351470292015257
ara	47 53 262 538 0.010346684591464162
fakülte	5 95 28 772 0.010306658732309562
güney	5 95 28 772 0.010306658732309562
yer	25 75 140 660 0.010306658732309562
atatürk	3 97 17 783 0.010203592144986466
ekim	3 97 17 783 0.010203592144986466
gül	3 97 17 783 0.010203592144986466
is	3 97 17 783 0.010203592144986466
kadı	10 90 57 743 0.010152828004961659
sıra	14 86 80 720 0.010131226243248975
adam	4 96 23 777 0.010077621871591572
alınma	4 96 23 777 0.010077621871591572
göster	9 91 52 748 0.010036320142609639
nun	7 93 41 759 0.009920159029847954
tür	7 93 41 759 0.009920159029847954
verilen	7 93 41 759 0.009920159029847954
ayn	21 79 124 676 0.009851744139986933
veren	11 89 65 735 0.009845571367969397
ada	14 86 83 717 0.009817889349127872
geç	14 86 83 717 0.009817889349127872
yapma	15 85 89 711 0.009811146293256218
yaş	16 84 95 705 0.009805253712899907
satış	7 93 42 758 0.009717706804749017
ankara	12 88 72 728 0.009717706804749015
anlaşma	3 97 18 782 0.009717706804749015
dönem	21 79 126 674 0.009717706804749015
fikir	4 96 24 776 0.009717706804749015
gördük	5 95 30 770 0.009717706804749015
iy	3 97 18 782 0.009717706804749015
kurban	4 96 24 776 0.009717706804749015
oluştur	5 95 30 770 0.009717706804749015
piyasa	5 95 30 770 0.009717706804749015
top	3 97 18 782 0.009717706804749015
çocuk	15 85 91 709 0.009626030325458931
ikinci	11 89 67 733 0.009593120820072746
do	8 92 49 751 0.009547220720455173
rol	7 93 43 757 0.009523352668654035
gazete	6 94 37 763 0.009491713623243225
dernek	5 95 31 769 0.0094477705046171
eğitim	10 90 62 738 0.0094477705046171
ortak	5 95 31 769 0.0094477705046171
gör	9 91 56 744 0.009418700441525969
çalışan	9 91 56 744 0.009418700441525969
alarak	4 96 25 775 0.009382613466654222
alma	15 85 94 706 0.009361093710996759
anlat	10 90 63 737 0.00931834899085522
ay	29 71 183 617 0.009305162647943633
tam	8 92 51 749 0.009223586119761778
yazılı	5 95 32 768 0.009192425355843664
çalıştık	5 95 32 768 0.009192425355843664
başlayan	4 96 26 774 0.009069859684432415
katıldık	4 96 26 774 0.009069859684432415
verilme	4 96 26 774 0.009069859684432415
ölü	8 92 52 748 0.009069859684432415
zaman	27 73 178 622 0.008959251639500312
hızlı	5 95 33 767 0.008950519425426726
baş	22 78 146 654 0.008907897904353266
arkadaş	9 91 60 740 0.008872688821727362
gerekli	3 97 20 780 0.008872688821727362
geçen	18 82 120 680 0.008872688821727362
git	9 91 60 740 0.008872688821727362
la	3 97 20 780 0.008872688821727362
sahip	18 82 120 680 0.008872688821727362
yaşan	3 97 20 780 0.008872688821727362
milyon	17 83 114 686 0.008827535189046816
başladık	7 93 47 753 0.008817919137642625
alan	30 70 204 596 0.00872101892733886
sayı	16 84 110 690 0.008637961604221348
hayat	20 80 138 662 0.008610626282689
amerika	3 97 21 779 0.008502993454155389
değiş	6 94 42 758 0.008502993454155389
geldik	11 89 77 723 0.008502993454155389
gelecek	8 92 56 744 0.008502993454155389
gören	3 97 21 779 0.008502993454155389
isteyen	4 96 28 772 0.008502993454155389
kal	10 90 70 730 0.008502993454155389
katılan	4 96 28 772 0.008502993454155389
merak	3 97 21 779 0.008502993454155389
meydan	6 94 42 758 0.008502993454155389
muhabir	6 94 42 758 0.008502993454155389
su	7 93 49 751 0.008502993454155389
ulaşma	3 97 21 779 0.008502993454155389
deva	26 74 185 615 0.008382097812627113
hal	24 76 171 629 0.008372178170245305
büyük	30 70 214 586 0.008363600118841366
dış	15 85 107 693 0.008363600118841366
gir	7 93 50 750 0.008353818130398278
yıllık	7 93 50 750 0.008353818130398278
iç	16 84 115 685 0.008308268413220533
etme	15 85 108 692 0.008295603369907697
politika	5 95 36 764 0.008295603369907697
olma	22 78 159 641 0.008268104132217395
türkiye	35 65 253 547 0.008266799191539961
verdik	13 87 94 706 0.008264591768524863
dil	17 83 123 677 0.008260050784036663
bura	4 96 29 771 0.00824532698584765
yaşanan	4 96 29 771 0.00824532698584765
dergi	3 97 22 778 0.008162873715989174
galeri	3 97 22 778 0.008162873715989174
getirme	3 97 22 778 0.008162873715989174
köy	3 97 22 778 0.008162873715989174
yap	16 84 118 682 0.008122262403969327
ali	5 95 37 763 0.008098089003957512
anne	5 95 37 763 0.008098089003957512
sağla	5 95 37 763 0.008098089003957512
insan	17 83 126 674 0.00808676300535058
oy	7 93 52 748 0.008070637854791556
düş	9 91 67 733 0.008055467482884052
üye	9 91 67 733 0.008055467482884052
saat	11 89 82 718 0.00804584326844811
amacı	8 92 60 740 0.008002817368616837
baskı	4 96 30 770 0.008002817368616837
televizyon	4 96 30 770 0.008002817368616837
karar	10 90 75 725 0.008002817368616836
müdür	9 91 68 732 0.007950851022067376
sosyal	9 91 68 732 0.007950851022067376
gün	34 66 258 542 0.007920596642226939
çalış	11 89 84 716 0.007876457094375518
faaliyet	6 94 46 754 0.007848917034604974
gel	27 73 207 593 0.007848917034604974
kur	9 91 69 731 0.007848917034604974
kurum	3 97 23 777 0.007848917034604974
teşekkür	3 97 23 777 0.007848917034604974
üniversite	10 90 77 723 0.007818844555545185
bul	14 86 108 692 0.0078060267775852754
kabul	7 93 54 746 0.0078060267775852754
çöz	4 96 31 769 0.007774165443799213
dahil	5 95 39 761 0.007729994049232172
dönüş	5 95 39 761 0.007729994049232172
vurgula	5 95 39 761 0.007729994049232172
yol	18 82 141 659 0.007700824260367144
bak	5 95 40 760 0.007558216403693679
bekledik	3 97 24 776 0.007558216403693679
etki	8 92 64 736 0.007558216403693679
gitme	3 97 24 776 0.007558216403693679
görüş	4 96 32 768 0.007558216403693679
kat	4 96 32 768 0.007558216403693679
kız	5 95 40 760 0.007558216403693679
program	8 92 64 736 0.007558216403693679
tercih	5 95 40 760 0.007558216403693679
vurgulayan	6 94 48 752 0.007558216403693679
yaklaşık	8 92 64 736 0.007558216403693679
bulunduk	13 87 106 694 0.007431187556572777
birlik	19 81 155 645 0.007427902327767926
ol	24 76 196 604 0.007420794287262884
asker	4 96 33 767 0.007353940284674931
şirket	8 92 66 734 0.007353940284674931
teknik	7 93 58 742 0.007325655898964643
üzeri	28 72 233 567 0.007297588251842173
dışarı	3 97 25 775 0.007288280103561762
getiren	6 94 50 750 0.007288280103561762
görüntü	3 97 25 775 0.007288280103561762
olduk	12 88 100 700 0.007288280103561762
hak	18 82 150 650 0.007288280103561761
çık	17 83 142 658 0.0072730006903467485
rakam	5 95 42 758 0.007236590173749267
yeni	9 91 76 724 0.007202535631755152
bulun	8 92 68 732 0.00716041554034138
kadın	4 96 34 766 0.00716041554034138
merkez	12 88 102 698 0.00716041554034138
ülke	22 78 187 613 0.00716041554034138
üst	6 94 51 749 0.00716041554034138
güç	9 91 77 723 0.007118785217432418
içeri	9 91 77 723 0.007118785217432418
yen	26 74 223 577 0.007102902162507313
emir	3 97 26 774 0.007036960099990666
geçmiş	3 97 26 774 0.007036960099990666
tamamen	3 97 26 774 0.007036960099990666
iste	13 87 113 687 0.007018343803429845
bugün	14 86 122 678 0.007002465197539732
gazeteci	4 96 35 765 0.006976815141871089
gereken	4 96 35 765 0.006976815141871089
yaptık	4 96 35 765 0.006976815141871089
gelişme	5 95 44 756 0.006941219146249297
mesaj	6 94 53 747 0.006917689589821333
et	19 81 169 631 0.006874760665061803
konuş	19 81 169 631 0.006874760665061803
dikkat	16 84 144 656 0.0068023947633243115
el	21 79 189 611 0.0068023947633243115
değer	3 97 27 773 0.006802394763324311
dön	3 97 27 773 0.006802394763324311
hafta	5 95 45 755 0.006802394763324311
has	3 97 27 773 0.006802394763324311
okul	5 95 45 755 0.006802394763324311
çek	9 91 81 719 0.006802394763324311
edilen	9 91 82 718 0.006727643172518549
an	17 83 155 645 0.006723297149797284
bulunan	12 88 110 690 0.006690880095073092
doğu	5 95 46 754 0.006669014473847363
gelen	17 83 157 643 0.006646017872213408
almak	4 96 37 763 0.006636482695926157
ceza	4 96 37 763 0.006636482695926157
kaldık	4 96 37 763 0.006636482695926157
bakanlığı	3 97 28 772 0.006582962674184817
hava	3 97 28 772 0.006582962674184817
para	6 94 56 744 0.006582962674184817
uygun	5 95 47 753 0.006540764195504145
geri	7 93 66 734 0.006522844293598655
edil	8 92 76 724 0.0064784712031660105
gelme	6 94 57 743 0.0064784712031660105
özellik	11 89 105 695 0.006450546758324778
olabil	7 93 67 733 0.006434697749090565
başla	12 88 115 685 0.006427459618889113
haf	8 92 77 723 0.006402253894893469
soru	11 89 106 694 0.006395413880048498
bas	9 91 87 713 0.006377245090616541
vücut	3 97 29 771 0.006377245090616541
belirten	10 90 97 703 0.006357378283480665
yöntem	4 96 39 761 0.00632780908216215
düşün	5 95 49 751 0.006298513669744732
fotoğraf	5 95 49 751 0.006298513669744732
il	5 95 49 751 0.006298513669744732
belli	3 97 30 770 0.006183995239385737
bulunma	3 97 30 770 0.006183995239385737
kaybet	3 97 30 770 0.006183995239385737
ver	19 81 190 610 0.006183995239385737
kaydet	11 89 111 689 0.006133306753817002
ek	8 92 81 719 0.00611451214680837
yük	8 92 81 719 0.00611451214680837
abd	9 91 92 708 0.006061539888110772
söyle	21 79 215 585 0.006052978391093667
plan	4 96 41 759 0.0060465731229549435
getir	10 90 103 697 0.006019818374623284
söz	13 87 134 666 0.006015723260082724
açık	6 94 62 738 0.006002113026462627
hız	3 97 31 769 0.006002113026462627
yapan	9 91 93 707 0.006002113026462627
yeterli	3 97 31 769 0.006002113026462627
ifade	21 79 219 581 0.005952095417908772
bölge	9 91 95 705 0.00588668777595373
art	16 84 169 631 0.005883152227739945
koy	5 95 53 747 0.0058641334166588885
diyerek	3 97 32 768 0.005830624082849409
edildik	3 97 32 768 0.005830624082849409
pazar	3 97 32 768 0.005830624082849409
tabii	3 97 32 768 0.005830624082849409
avrupa	7 93 75 725 0.0058069223589353874
yar	7 93 75 725 0.0058069223589353874
sür	11 89 118 682 0.005800491658648638
istedik	4 96 43 757 0.005789272138999413
gerektik	7 93 77 723 0.00566866230277026
eş	4 96 44 756 0.005668662302770259
işaret	5 95 55 745 0.005668662302770259
iş	14 86 155 645 0.005635119922280494
bakan	8 92 89 711 0.005610222485215927
açıkla	5 95 56 744 0.00557573341256091
genel	15 85 168 632 0.00557573341256091
anlatan	4 96 45 755 0.005552975316999438
görev	7 93 81 719 0.005410995834462521
nin	11 89 128 672 0.005383190100472476
ak	6 94 70 730 0.005370311655256035
ayak	3 97 35 765 0.005370311655256035
görülen	3 97 35 765 0.005370311655256035
kamu	3 97 35 765 0.005370311655256035
kaynak	3 97 35 765 0.005370311655256035
say	3 97 35 765 0.005370311655256035
örgüt	3 97 35 765 0.005370311655256035
sektör	4 96 47 753 0.005335211579077891
verme	7 93 83 717 0.0052907514825855755
belirt	10 90 119 681 0.005273174235135125
belirterek	8 92 96 704 0.0052326113564033164
telefon	4 96 48 752 0.0052326113564033164
çeşitli	4 96 48 752 0.0052326113564033164
kontrol	3 97 36 764 0.005232611356403316
karşı	11 89 133 667 0.005196273777539405
kişi	16 84 196 604 0.005133882840244763
müdürlük	4 96 49 751 0.005133882840244763
site	4 96 49 751 0.005133882840244763
yok	10 90 123 677 0.005114582528815271
şekil	10 90 123 677 0.005114582528815271
beklen	3 97 37 763 0.005101796072493233
diyen	3 97 37 763 0.005101796072493233
sınır	3 97 37 763 0.005101796072493233
twitter	3 97 37 763 0.005101796072493233
alınan	5 95 62 738 0.005076414002480829
yapıl	9 91 112 688 0.00505963246858833
değerlendirme	3 97 38 762 0.004977362021944618
eylül	3 97 38 762 0.004977362021944618
kalma	3 97 38 762 0.004977362021944618
sokak	3 97 38 762 0.004977362021944618
çevre	3 97 38 762 0.004977362021944618
faz	10 90 127 673 0.0049652516520615406
güçlü	4 96 51 749 0.00494719619150859
sorun	4 96 51 749 0.00494719619150859
orta	14 86 179 621 0.004934379621064268
nokta	5 95 64 736 0.004929271567626312
aç	4 96 52 748 0.004858853402374508
hemen	3 97 39 761 0.004858853402374508
yetkili	3 97 39 761 0.004858853402374508
uygulama	4 96 53 747 0.004773610360227587
aa	11 89 148 652 0.004706059270224367
yönetim	6 94 81 719 0.004691306733327111
fark	4 96 55 745 0.004611793059880889
ileri	4 96 55 745 0.004611793059880889
haber	7 93 99 701 0.004492147485214168
olacak	5 95 71 729 0.004475259712713363
spor	4 96 57 743 0.004460586730048729
yaşadık	4 96 57 743 0.004460586730048729
açı	3 97 43 757 0.004436344410863681
sonuç	10 90 144 656 0.004417139456704098
gündem	4 96 59 741 0.004318980802110674
dr	5 95 74 726 0.0043053131413445
uzman	3 97 46 754 0.004164731487749578
bildir	4 96 62 738 0.004122663492923825
geçtik	4 96 62 738 0.004122663492923825
bili	3 97 47 753 0.004081436857994587
prof	3 97 47 753 0.004081436857994587
saye	3 97 47 753 0.004081436857994587
aile	4 96 63 737 0.004061131201984663
etmek	4 96 64 736 0.004001408684308419
ihtiyaç	4 96 64 736 0.004001408684308419
durum	5 95 80 720 0.004001408684308418
ora	4 96 67 733 0.0038323350779291892
duru	7 93 118 682 0.0038093410674616144
tak	4 96 68 732 0.0037791082018468394
konu	14 86 248 552 0.003634867430783983
olay	5 95 89 711 0.0036182950868746335
ciddi	3 97 54 746 0.00358020777017069
konuşma	3 97 54 746 0.00358020777017069
vatandaş	3 97 54 746 0.00358020777017069
zor	5 95 90 710 0.00358020777017069
toplantı	4 96 78 722 0.0033182413479630785
dün	3 97 59 741 0.0032914813370924084
hizmet	4 96 79 721 0.0032782625365418367
bilgi	7 93 147 653 0.0030919976196928686
ekip	5 95 105 695 0.0030919976196928686
ilişki	6 94 127 673 0.003068749517289163
araştırma	4 96 86 714 0.0030232865614774718
başka	12 88 265 535 0.002946885818046633
açıklama	9 91 215 585 0.0027331050388356604
gerek	4 96 101 699 0.0025913884812664044
başbakan	3 97 80 720 0.0024586969024063773
