afganistan	3 97 0 800 0.06802394763324311
afp	5 95 0 800 0.06802394763324311
ahmed	3 97 0 800 0.06802394763324311
ajan	3 97 0 800 0.06802394763324311
alaska	3 97 0 800 0.06802394763324311
almadık	4 96 0 800 0.06802394763324311
anders	4 96 0 800 0.06802394763324311
ann	3 97 0 800 0.06802394763324311
asılsız	4 96 0 800 0.06802394763324311
ayrılacak	3 97 0 800 0.06802394763324311
azınlık	3 97 0 800 0.06802394763324311
açıkça	3 97 0 800 0.06802394763324311
bağlam	3 97 0 800 0.06802394763324311
başaran	4 96 0 800 0.06802394763324311
başarısız	3 97 0 800 0.06802394763324311
beden	4 96 0 800 0.06802394763324311
bel	3 97 0 800 0.06802394763324311
beşar	6 94 0 800 0.06802394763324311
bildirdik	3 97 0 800 0.06802394763324311
birleşik	4 96 0 800 0.06802394763324311
bm	4 96 0 800 0.06802394763324311
bomba	12 88 0 800 0.06802394763324311
bombalama	3 97 0 800 0.06802394763324311
boston	4 96 0 800 0.06802394763324311
brüksel	3 97 0 800 0.06802394763324311
bush	4 96 0 800 0.06802394763324311
california	3 97 0 800 0.06802394763324311
cameron	5 95 0 800 0.06802394763324311
carolina	3 97 0 800 0.06802394763324311
cephe	3 97 0 800 0.06802394763324311
chicago	4 96 0 800 0.06802394763324311
clinton	3 97 0 800 0.06802394763324311
colorado	4 96 0 800 0.06802394763324311
cumhuriyetçi	16 84 0 800 0.06802394763324311
davutoğlu	5 95 0 800 0.06802394763324311
dc	3 97 0 800 0.06802394763324311
demokrat	10 90 0 800 0.06802394763324311
der	3 97 0 800 0.06802394763324311
destekleyen	6 94 0 800 0.06802394763324311
destekçi	3 97 0 800 0.06802394763324311
değiştir	3 97 0 800 0.06802394763324311
dna	3 97 0 800 0.06802394763324311
doha	3 97 0 800 0.06802394763324311
doğrula	3 97 0 800 0.06802394763324311
durdurma	3 97 0 800 0.06802394763324311
edebilmek	3 97 0 800 0.06802394763324311
emel	3 97 0 800 0.06802394763324311
engelleme	4 96 0 800 0.06802394763324311
esad	11 89 0 800 0.06802394763324311
evli	4 96 0 800 0.06802394763324311
fars	3 97 0 800 0.06802394763324311
florida	7 93 0 800 0.06802394763324311
fogh	4 96 0 800 0.06802394763324311
françois	4 96 0 800 0.06802394763324311
füze	4 96 0 800 0.06802394763324311
general	6 94 0 800 0.06802394763324311
gezegen	3 97 0 800 0.06802394763324311
geçmek	3 97 0 800 0.06802394763324311
gökyüzü	4 96 0 800 0.06802394763324311
görünce	3 97 0 800 0.06802394763324311
görüştük	3 97 0 800 0.06802394763324311
haki	4 96 0 800 0.06802394763324311
hampshire	4 96 0 800 0.06802394763324311
hicab	3 97 0 800 0.06802394763324311
hollande	5 95 0 800 0.06802394763324311
ilgilendiren	3 97 0 800 0.06802394763324311
isabet	4 96 0 800 0.06802394763324311
israil	6 94 0 800 0.06802394763324311
istihbarat	6 94 0 800 0.06802394763324311
isyancı	3 97 0 800 0.06802394763324311
iyice	3 97 0 800 0.06802394763324311
işadamı	4 96 0 800 0.06802394763324311
jersey	4 96 0 800 0.06802394763324311
kahir	3 97 0 800 0.06802394763324311
kaide	5 95 0 800 0.06802394763324311
kargo	4 96 0 800 0.06802394763324311
katar	5 95 0 800 0.06802394763324311
kazanacak	4 96 0 800 0.06802394763324311
kesinleşme	3 97 0 800 0.06802394763324311
keşif	5 95 0 800 0.06802394763324311
kolombiya	4 96 0 800 0.06802394763324311
korkunç	3 97 0 800 0.06802394763324311
kurduk	4 96 0 800 0.06802394763324311
kır	3 97 0 800 0.06802394763324311
lavrov	3 97 0 800 0.06802394763324311
mahkum	3 97 0 800 0.06802394763324311
massachusetts	3 97 0 800 0.06802394763324311
merkür	5 95 0 800 0.06802394763324311
mermi	3 97 0 800 0.06802394763324311
militan	4 96 0 800 0.06802394763324311
missouri	3 97 0 800 0.06802394763324311
mitt	10 90 0 800 0.06802394763324311
moskova	5 95 0 800 0.06802394763324311
muhafazakar	3 97 0 800 0.06802394763324311
muhalif	14 86 0 800 0.06802394763324311
muhammed	4 96 0 800 0.06802394763324311
mülteci	3 97 0 800 0.06802394763324311
müslüman	3 97 0 800 0.06802394763324311
müttefik	3 97 0 800 0.06802394763324311
müzakere	3 97 0 800 0.06802394763324311
mısır	5 95 0 800 0.06802394763324311
nato	7 93 0 800 0.06802394763324311
ohio	6 94 0 800 0.06802394763324311
okyanus	3 97 0 800 0.06802394763324311
patriot	3 97 0 800 0.06802394763324311
pennsylvania	4 96 0 800 0.06802394763324311
peter	4 96 0 800 0.06802394763324311
post	3 97 0 800 0.06802394763324311
prensip	3 97 0 800 0.06802394763324311
rasmussen	4 96 0 800 0.06802394763324311
reklam	4 96 0 800 0.06802394763324311
riyad	4 96 0 800 0.06802394763324311
romney	14 86 0 800 0.06802394763324311
sayılan	3 97 0 800 0.06802394763324311
senato	5 95 0 800 0.06802394763324311
sergey	4 96 0 800 0.06802394763324311
skandal	3 97 0 800 0.06802394763324311
street	3 97 0 800 0.06802394763324311
suikast	4 96 0 800 0.06802394763324311
söylen	6 94 0 800 0.06802394763324311
söyleyerek	5 95 0 800 0.06802394763324311
sürül	4 96 0 800 0.06802394763324311
sığınma	3 97 0 800 0.06802394763324311
sığınmacı	3 97 0 800 0.06802394763324311
taahhüt	3 97 0 800 0.06802394763324311
taki	4 96 0 800 0.06802394763324311
taktik	3 97 0 800 0.06802394763324311
tartışmalı	3 97 0 800 0.06802394763324311
tebrik	4 96 0 800 0.06802394763324311
tedarik	3 97 0 800 0.06802394763324311
tesis	3 97 0 800 0.06802394763324311
teşkil	3 97 0 800 0.06802394763324311
times	5 95 0 800 0.06802394763324311
türkler	3 97 0 800 0.06802394763324311
uçuş	3 97 0 800 0.06802394763324311
virginia	5 95 0 800 0.06802394763324311
washington	8 92 0 800 0.06802394763324311
william	3 97 0 800 0.06802394763324311
wisconsin	3 97 0 800 0.06802394763324311
yaka	3 97 0 800 0.06802394763324311
yakıt	3 97 0 800 0.06802394763324311
yaralandık	4 96 0 800 0.06802394763324311
yargılan	4 96 0 800 0.06802394763324311
yerleştirilen	4 96 0 800 0.06802394763324311
yu	5 95 0 800 0.06802394763324311
zengin	3 97 0 800 0.06802394763324311
çıkabil	3 97 0 800 0.06802394763324311
çıplak	3 97 0 800 0.06802394763324311
öfke	4 96 0 800 0.06802394763324311
öldük	6 94 0 800 0.06802394763324311
öldürdük	4 96 0 800 0.06802394763324311
öldürüldük	3 97 0 800 0.06802394763324311
önlemek	3 97 0 800 0.06802394763324311
ötesi	3 97 0 800 0.06802394763324311
ürdün	5 95 0 800 0.06802394763324311
üssü	6 94 0 800 0.06802394763324311
üstesinden	3 97 0 800 0.06802394763324311
ındiana	3 97 0 800 0.06802394763324311
ıowa	4 96 0 800 0.06802394763324311
şa	8 92 0 800 0.06802394763324311
eyalet	18 82 0 800 0.0680239476332431
seçmen	9 91 0 800 0.0680239476332431
suriyeli	9 91 0 800 0.0680239476332431
barack	23 77 3 797 0.06017503059863814
oba	25 75 4 796 0.058641334166588885
ajansı	14 86 3 797 0.05601972158031786
obama	13 87 3 797 0.05526945745201003
iran	8 92 3 797 0.0494719619150859
reji	7 93 3 797 0.04761676334327018
uçak	7 93 3 797 0.04761676334327018
gizli	9 91 4 796 0.04709350220762984
saldırı	20 80 10 790 0.04534929842216207
sekreter	6 94 3 797 0.04534929842216207
seçilen	6 94 3 797 0.04534929842216207
dışişleri	15 85 8 792 0.04436344410863681
hürriyet	7 93 4 796 0.04328796667570017
suriye	28 72 16 784 0.04328796667570017
dost	5 95 3 797 0.04251496727077694
arap	8 92 5 795 0.04186089085122653
amerikan	12 88 8 792 0.040814368579945866
david	9 91 6 794 0.040814368579945866
silahlı	12 88 8 792 0.040814368579945866
yarat	6 94 4 796 0.040814368579945866
seçi	22 78 16 784 0.03938228547187759
çatışma	11 89 8 792 0.03938228547187759
kavuş	4 96 3 797 0.03887082721899606
komite	4 96 3 797 0.03887082721899606
nükleer	4 96 3 797 0.03887082721899606
seçim	24 76 18 782 0.03887082721899606
toprak	4 96 3 797 0.03887082721899606
çekilme	4 96 3 797 0.03887082721899606
asker	21 79 16 784 0.03860818649454339
zafer	13 87 10 790 0.038448318227485234
başkent	22 78 17 783 0.038372483280290984
konsey	5 95 4 796 0.0377910820184684
kaybettik	8 92 7 793 0.03627943873772966
anket	9 91 8 792 0.03601267815877576
ordu	12 88 11 789 0.035490755286909446
avusturya	3 97 3 797 0.034011973816621556
açılan	4 96 4 796 0.034011973816621556
açıldık	3 97 3 797 0.034011973816621556
bahar	4 96 4 796 0.034011973816621556
bombalı	3 97 3 797 0.034011973816621556
delege	3 97 3 797 0.034011973816621556
dolandırıcılık	3 97 3 797 0.034011973816621556
dostluk	4 96 4 796 0.034011973816621556
durma	3 97 3 797 0.034011973816621556
dönen	3 97 3 797 0.034011973816621556
esna	3 97 3 797 0.034011973816621556
filistin	3 97 3 797 0.034011973816621556
fransız	5 95 5 795 0.034011973816621556
hapishane	3 97 3 797 0.034011973816621556
ihtimal	8 92 8 792 0.034011973816621556
ikna	4 96 4 796 0.034011973816621556
köşe	3 97 3 797 0.034011973816621556
kıyı	3 97 3 797 0.034011973816621556
nefes	3 97 3 797 0.034011973816621556
patlama	3 97 3 797 0.034011973816621556
radikal	3 97 3 797 0.034011973816621556
rejim	3 97 3 797 0.034011973816621556
sahil	3 97 3 797 0.034011973816621556
sandy	7 93 7 793 0.034011973816621556
sağ	7 93 7 793 0.034011973816621556
tanıma	3 97 3 797 0.034011973816621556
tsi	3 97 3 797 0.034011973816621556
yayımlanan	4 96 4 796 0.034011973816621556
yazan	3 97 3 797 0.034011973816621556
çıkacak	3 97 3 797 0.034011973816621556
öldürme	4 96 4 796 0.034011973816621556
öt	4 96 4 796 0.034011973816621556
şili	3 97 3 797 0.034011973816621556
yarış	7 93 8 792 0.03174450889551345
parlamento	6 94 7 793 0.031395668138419895
savunma	12 88 14 786 0.031395668138419895
etkile	5 95 6 794 0.030919976196928687
muhalefet	10 90 12 788 0.030919976196928687
sandık	5 95 6 794 0.030919976196928687
sürdük	5 95 6 794 0.030919976196928687
anla	4 96 5 795 0.030232865614774715
gönder	4 96 5 795 0.030232865614774715
islam	4 96 5 795 0.030232865614774715
rus	4 96 5 795 0.030232865614774715
vuran	4 96 5 795 0.030232865614774715
savaş	11 89 14 786 0.02993053695862697
sözcü	10 90 13 787 0.029575629405757874
avukat	6 94 8 792 0.029153120414247048
detay	3 97 4 796 0.029153120414247048
gönderil	3 97 4 796 0.029153120414247048
görün	6 94 8 792 0.029153120414247048
hapis	6 94 8 792 0.029153120414247048
korumak	3 97 4 796 0.029153120414247048
numara	3 97 4 796 0.029153120414247048
sağlama	6 94 8 792 0.029153120414247048
yaşama	3 97 4 796 0.029153120414247048
öl	9 91 12 788 0.029153120414247044
mesele	8 92 11 789 0.02864166216136552
seçilme	8 92 11 789 0.02864166216136552
hazırlanan	5 95 7 793 0.028343311513851294
daki	12 88 17 783 0.028147840399962664
yı	7 93 10 790 0.02800986079015893
aday	13 87 19 781 0.027634728726005014
cesaret	4 96 6 794 0.027209579053297246
dolu	4 96 6 794 0.027209579053297246
edeme	4 96 6 794 0.027209579053297246
galip	4 96 6 794 0.027209579053297246
ilan	4 96 6 794 0.027209579053297246
içiş	4 96 6 794 0.027209579053297246
kasırga	4 96 6 794 0.027209579053297246
kolayca	4 96 6 794 0.027209579053297246
koltuk	4 96 6 794 0.027209579053297246
kuvvet	4 96 6 794 0.027209579053297246
söylüyor	4 96 6 794 0.027209579053297246
unsur	4 96 6 794 0.027209579053297246
rusya	6 94 9 791 0.027209579053297243
kampanya	11 89 17 783 0.026723693713059795
york	9 91 14 786 0.026618066465182083
fransa	7 93 11 789 0.026453757412927877
ingiltere	14 86 22 778 0.026453757412927877
izleyen	5 95 8 792 0.02616305678201658
mensup	5 95 8 792 0.02616305678201658
serbest	5 95 8 792 0.02616305678201658
söyledik	5 95 8 792 0.02616305678201658
ırak	5 95 8 792 0.02616305678201658
duyur	8 92 13 787 0.025913884812664042
insani	3 97 5 795 0.025508980362466165
katılı	3 97 5 795 0.025508980362466165
konut	3 97 5 795 0.025508980362466165
koruma	3 97 5 795 0.025508980362466165
koruyucu	3 97 5 795 0.025508980362466165
yukarı	3 97 5 795 0.025508980362466165
özgürlük	3 97 5 795 0.025508980362466165
düzenledik	10 90 17 783 0.02519405467897893
kazanma	7 93 12 788 0.02506145439119483
şiddet	7 93 12 788 0.02506145439119483
izle	4 96 7 793 0.02473598095754295
komşu	4 96 7 793 0.02473598095754295
sağlamak	4 96 7 793 0.02473598095754295
seçme	4 96 7 793 0.02473598095754295
yürüttük	4 96 7 793 0.02473598095754295
mahkeme	9 91 16 784 0.02448862114796752
ağırlık	5 95 9 791 0.02429426701187254
oturma	5 95 9 791 0.02429426701187254
nın	34 66 62 738 0.024091814786773604
belirle	6 94 11 789 0.02400845210585051
ölüm	7 93 14 786 0.02267464921108104
atma	3 97 6 794 0.022674649211081036
bağımsız	3 97 6 794 0.022674649211081036
başlayacak	3 97 6 794 0.022674649211081036
dayanışma	3 97 6 794 0.022674649211081036
denil	3 97 6 794 0.022674649211081036
düşme	6 94 12 788 0.022674649211081036
düşünül	3 97 6 794 0.022674649211081036
gönüllü	3 97 6 794 0.022674649211081036
görevli	6 94 12 788 0.022674649211081036
isyan	3 97 6 794 0.022674649211081036
izleme	4 96 8 792 0.022674649211081036
kurtar	3 97 6 794 0.022674649211081036
mal	4 96 8 792 0.022674649211081036
paris	3 97 6 794 0.022674649211081036
peki	5 95 10 790 0.022674649211081036
saray	6 94 12 788 0.022674649211081036
siyah	5 95 10 790 0.022674649211081036
sol	3 97 6 794 0.022674649211081036
tutulma	3 97 6 794 0.022674649211081036
vali	3 97 6 794 0.022674649211081036
yayınlanan	5 95 10 790 0.022674649211081036
çağrı	5 95 10 790 0.022674649211081036
isimli	12 88 25 775 0.02206182085402479
new	12 88 25 775 0.02206182085402479
kuzey	10 90 21 779 0.02194320891394939
lider	10 90 21 779 0.02194320891394939
silah	8 92 17 783 0.021767663242637795
bildiril	15 85 32 768 0.0217097705212478
kongre	7 93 15 785 0.021643983337850083
belirtil	19 81 41 759 0.021540916750526985
uzak	6 94 13 787 0.02148124662102414
başkanlık	22 78 48 752 0.021378954970447835
kale	4 96 9 791 0.020930445425613266
vaka	4 96 9 791 0.020930445425613266
yargı	4 96 9 791 0.020930445425613266
abd	31 69 70 730 0.02087863739238155
tv	7 93 16 784 0.020702940584030514
deney	3 97 7 793 0.020407184289972933
destekledik	3 97 7 793 0.020407184289972933
gerçekleşen	3 97 7 793 0.020407184289972933
hatırlat	3 97 7 793 0.020407184289972933
ihlal	3 97 7 793 0.020407184289972933
kutla	3 97 7 793 0.020407184289972933
masum	3 97 7 793 0.020407184289972933
sınır	12 88 28 772 0.020407184289972933
yakalan	3 97 7 793 0.020407184289972933
çoğunluk	6 94 14 786 0.020407184289972933
ürettik	3 97 7 793 0.020407184289972933
fırsat	5 95 12 788 0.02000704342154209
gerekçe	10 90 24 776 0.02000704342154209
dek	14 86 34 766 0.019840318059695907
almanya	8 92 20 780 0.01943541360949803
cumhurbaşkan	6 94 15 785 0.01943541360949803
dava	8 92 20 780 0.01943541360949803
hata	4 96 10 790 0.01943541360949803
kamera	4 96 10 790 0.01943541360949803
kapı	4 96 10 790 0.01943541360949803
kullanma	8 92 20 780 0.01943541360949803
verici	4 96 10 790 0.01943541360949803
haber	30 70 76 724 0.019252060650917863
dan	18 82 46 754 0.019131735271849623
girdik	5 95 13 787 0.0188955410092342
kilometre	5 95 13 787 0.0188955410092342
kriz	10 90 26 774 0.0188955410092342
beklen	11 89 29 771 0.018706585599141855
ince	3 97 8 792 0.01855198571815721
karşılaş	3 97 8 792 0.01855198571815721
röportaj	3 97 8 792 0.01855198571815721
söyleme	3 97 8 792 0.01855198571815721
ta	6 94 16 784 0.01855198571815721
yara	3 97 8 792 0.01855198571815721
yayınla	3 97 8 792 0.01855198571815721
yağ	3 97 8 792 0.01855198571815721
aklı	4 96 11 789 0.01813971936886483
analiz	4 96 11 789 0.01813971936886483
açıl	4 96 11 789 0.01813971936886483
cinsel	4 96 11 789 0.01813971936886483
dav	4 96 11 789 0.01813971936886483
düzenle	4 96 11 789 0.01813971936886483
gösteri	4 96 11 789 0.01813971936886483
tip	4 96 11 789 0.01813971936886483
uç	4 96 11 789 0.01813971936886483
web	8 92 22 778 0.01813971936886483
nin	37 63 102 698 0.01810709397431651
televizyon	9 91 25 775 0.01800633907938788
bırakma	5 95 14 786 0.01790103885085345
paylaşım	5 95 14 786 0.01790103885085345
türlü	5 95 14 786 0.01790103885085345
yetkili	11 89 31 769 0.01781579580870653
kazan	13 87 37 763 0.01768622638464321
gazete	11 89 32 768 0.01740147497594591
oy	15 85 44 756 0.01729422397455333
güvenlik	20 80 59 741 0.017221252565378
adalet	6 94 18 782 0.017005986908310778
alman	3 97 9 791 0.017005986908310778
amerika	6 94 18 782 0.017005986908310778
daire	3 97 9 791 0.017005986908310778
elektrik	4 96 12 788 0.017005986908310778
facebook	5 95 15 785 0.017005986908310778
görüntü	7 93 21 779 0.017005986908310778
içeren	3 97 9 791 0.017005986908310778
kamp	3 97 9 791 0.017005986908310778
karanlık	3 97 9 791 0.017005986908310778
kardeş	4 96 12 788 0.017005986908310778
kor	3 97 9 791 0.017005986908310778
korku	3 97 9 791 0.017005986908310778
kritik	4 96 12 788 0.017005986908310778
na	6 94 18 782 0.017005986908310778
sabah	7 93 21 779 0.017005986908310778
sorumlu	6 94 18 782 0.017005986908310778
talimat	3 97 9 791 0.017005986908310778
yapılacak	3 97 9 791 0.017005986908310778
özgür	3 97 9 791 0.017005986908310778
hav	9 91 27 773 0.017005986908310775
siyasi	9 91 27 773 0.017005986908310775
güney	8 92 25 775 0.0164906539716953
kaybet	8 92 25 775 0.0164906539716953
yanıt	7 93 22 778 0.01641957356664489
geniş	6 94 19 781 0.016325747431978347
kazanan	6 94 19 781 0.016325747431978347
sivil	6 94 19 781 0.016325747431978347
dur	5 95 16 784 0.016196178007915025
hemen	10 90 32 768 0.016196178007915025
iy	5 95 16 784 0.016196178007915025
mesaj	14 86 45 755 0.01614127570958311
ada	23 77 74 726 0.01612938964499579
kadın	9 91 29 771 0.016110934965768105
taraf	9 91 29 771 0.016110934965768105
aşk	8 92 26 774 0.016005634737233675
mahalle	4 96 13 787 0.016005634737233675
ölü	14 86 46 754 0.015872254447756726
açtık	3 97 10 790 0.015697834069209948
değerlendir	3 97 10 790 0.015697834069209948
eski	18 82 60 740 0.015697834069209948
gazeteci	9 91 30 770 0.015697834069209948
kontrol	9 91 30 770 0.015697834069209948
mart	3 97 10 790 0.015697834069209948
ortadoğu	3 97 10 790 0.015697834069209948
oğul	3 97 10 790 0.015697834069209948
rahat	3 97 10 790 0.015697834069209948
reddet	3 97 10 790 0.015697834069209948
soruşturma	6 94 20 780 0.015697834069209948
töre	3 97 10 790 0.015697834069209948
verildik	3 97 10 790 0.015697834069209948
çizgi	3 97 10 790 0.015697834069209948
ın	27 73 90 710 0.015697834069209948
açıkla	14 86 47 753 0.015612053555170551
iddia	19 81 64 736 0.015571747048573724
çöz	8 92 27 773 0.015548330887598426
konuşma	13 87 44 756 0.015514233670739657
dahil	10 90 34 766 0.015459988098464343
foto	5 95 17 783 0.015459988098464343
bakan	22 78 75 725 0.015428111834343798
den	14 86 48 752 0.015360246239764574
cumartesi	4 96 14 786 0.015116432807387357
gitme	6 94 21 779 0.015116432807387357
hükümet	4 96 14 786 0.015116432807387357
ingiliz	4 96 14 786 0.015116432807387357
rekor	4 96 14 786 0.015116432807387357
resim	10 90 35 765 0.015116432807387357
suç	10 90 35 765 0.015116432807387357
sık	4 96 14 786 0.015116432807387357
tepki	8 92 28 772 0.015116432807387357
halk	18 82 63 737 0.015116432807387356
la	5 95 18 782 0.014787814702878937
başlat	3 97 11 789 0.014576560207123524
beyaz	6 94 22 778 0.014576560207123524
bina	3 97 11 789 0.014576560207123524
bulunmadık	3 97 11 789 0.014576560207123524
canlı	6 94 22 778 0.014576560207123524
em	3 97 11 789 0.014576560207123524
hesap	6 94 22 778 0.014576560207123524
londra	3 97 11 789 0.014576560207123524
temsilci	6 94 22 778 0.014576560207123524
terörist	3 97 11 789 0.014576560207123524
yardım	3 97 11 789 0.014576560207123524
üs	3 97 11 789 0.014576560207123524
görül	7 93 26 774 0.014429322225233387
yaşanan	7 93 26 774 0.014429322225233387
geçiş	4 96 15 785 0.01432083108068276
kazandık	4 96 15 785 0.01432083108068276
test	4 96 15 785 0.01432083108068276
dün	13 87 49 751 0.014263085794067104
konuşan	9 91 34 766 0.014237570434864837
görüşme	10 90 38 762 0.014171655756925647
site	11 89 42 758 0.014118177810673099
rakip	6 94 23 777 0.014073920199981332
çaba	6 94 23 777 0.014073920199981332
yi	7 93 27 773 0.014004930395079464
saat	19 81 74 726 0.01389736564550128
ateş	4 96 16 784 0.013604789526648623
el	42 58 168 632 0.013604789526648623
gördük	7 93 28 772 0.013604789526648623
isteme	4 96 16 784 0.013604789526648623
kent	8 92 32 768 0.013604789526648623
yaşayan	7 93 28 772 0.013604789526648623
aracılık	3 97 12 788 0.013604789526648621
asıl	3 97 12 788 0.013604789526648621
başlayan	6 94 24 776 0.013604789526648621
galeri	5 95 20 780 0.013604789526648621
gittik	5 95 20 780 0.013604789526648621
işbirlik	6 94 24 776 0.013604789526648621
kasım	5 95 20 780 0.013604789526648621
kişisel	3 97 12 788 0.013604789526648621
sorumluluk	5 95 20 780 0.013604789526648621
çıkar	3 97 12 788 0.013604789526648621
yar	16 84 66 734 0.013272965391852314
kat	7 93 29 771 0.013226878706463939
hava	6 94 25 775 0.013165925348369634
hazırlan	6 94 25 775 0.013165925348369634
oldukça	5 95 21 779 0.01308152839100829
boy	13 87 55 745 0.01300457822400236
anne	8 92 34 766 0.012956942406332021
hukuk	4 96 17 783 0.012956942406332021
kaydedil	4 96 17 783 0.012956942406332021
mali	4 96 17 783 0.012956942406332021
tanıt	4 96 17 783 0.012956942406332021
tehdit	4 96 17 783 0.012956942406332021
yaparak	4 96 17 783 0.012956942406332021
alıp	3 97 13 787 0.012754490181233083
bırak	3 97 13 787 0.012754490181233083
düzey	6 94 26 774 0.012754490181233083
eşlik	3 97 13 787 0.012754490181233083
kal	15 85 65 735 0.012754490181233083
parti	15 85 65 735 0.012754490181233083
verecek	3 97 13 787 0.012754490181233083
çektik	3 97 13 787 0.012754490181233083
polis	8 92 35 765 0.0126556181643243
başkan	5 95 22 778 0.012597027339489465
girme	5 95 22 778 0.012597027339489465
güneş	5 95 22 778 0.012597027339489465
kaynak	7 93 31 769 0.012530727195597415
adlı	9 91 40 760 0.012494194463248733
toplantı	15 85 67 733 0.012443405054861544
bölge	19 81 85 715 0.012427451971457875
düşen	4 96 18 782 0.012367990478771474
hazırladık	4 96 18 782 0.012367990478771474
sonuç	28 72 126 674 0.012367990478771474
tanı	4 96 18 782 0.012367990478771474
başbakan	15 85 68 732 0.012293484512031888
bakanlık	11 89 50 750 0.012266613507634003
yaş	20 80 91 709 0.012256567141124884
nda	9 91 41 759 0.01224431057398376
ikinci	14 86 64 736 0.012209426498274405
normal	5 95 23 777 0.01214713350593627
yaşam	5 95 23 777 0.01214713350593627
bas	17 83 79 721 0.012045907393386802
bulduk	3 97 14 786 0.012004226052925254
haf	15 85 70 730 0.012004226052925254
seyirci	3 97 14 786 0.012004226052925254
uy	3 97 14 786 0.012004226052925254
çin	3 97 14 786 0.012004226052925254
üst	10 90 47 753 0.011934025900568966
bilinen	4 96 19 781 0.01183025176230315
kamuoy	4 96 19 781 0.01183025176230315
sıcak	4 96 19 781 0.01183025176230315
yaşan	4 96 19 781 0.01183025176230315
erkek	5 95 24 776 0.011728266833317777
koy	10 90 48 752 0.011728266833317777
müdahale	5 95 24 776 0.011728266833317777
yabancı	5 95 24 776 0.011728266833317777
diyerek	6 94 29 771 0.011661248165698818
medya	6 94 29 771 0.011661248165698818
ulusal	6 94 29 771 0.011661248165698818
ün	12 88 58 742 0.011661248165698818
almak	7 93 34 766 0.011613844717870775
eylül	7 93 34 766 0.011613844717870775
kaldık	7 93 34 766 0.011613844717870775
sür	22 78 107 693 0.011600983317297276
fark	10 90 49 751 0.011529482649702221
verdik	18 82 89 711 0.011443280910265195
destek	14 86 70 730 0.01133732460554052
geçen	23 77 115 685 0.01133732460554052
aracı	5 95 25 775 0.011337324605540518
arama	3 97 15 785 0.011337324605540518
ayrı	5 95 25 775 0.011337324605540518
ağustos	4 96 20 780 0.011337324605540518
belirlen	4 96 20 780 0.011337324605540518
dakika	5 95 25 775 0.011337324605540518
demokrasi	3 97 15 785 0.011337324605540518
değerlendiren	3 97 15 785 0.011337324605540518
diz	4 96 20 780 0.011337324605540518
düşün	9 91 45 755 0.011337324605540518
evlilik	3 97 15 785 0.011337324605540518
katıldık	5 95 25 775 0.011337324605540518
kaydeden	5 95 25 775 0.011337324605540518
konser	3 97 15 785 0.011337324605540518
kullanan	4 96 20 780 0.011337324605540518
kullanılma	3 97 15 785 0.011337324605540518
mayıs	4 96 20 780 0.011337324605540518
meydan	8 92 40 760 0.011337324605540518
olumlu	3 97 15 785 0.011337324605540518
soğuk	3 97 15 785 0.011337324605540518
verilen	8 92 40 760 0.011337324605540518
yerel	3 97 15 785 0.011337324605540518
çıkış	5 95 25 775 0.011337324605540518
şansı	3 97 15 785 0.011337324605540518
başla	21 79 106 694 0.011248054333055948
yeni	14 86 71 729 0.011203944316063572
göster	10 90 51 749 0.01115146682512182
güçlü	9 91 46 754 0.011131191430894326
sorun	9 91 46 754 0.011131191430894326
meclis	8 92 41 759 0.011105950633998876
oluşan	7 93 36 764 0.011073665893783762
etme	20 80 103 697 0.011060804493210261
bugün	22 78 114 686 0.011003873881848151
bakanlığı	5 95 26 774 0.010971604456974695
süreç	5 95 26 774 0.010971604456974695
talep	9 91 47 753 0.010932420155342642
getirme	4 96 21 779 0.010883831621318897
kan	4 96 21 779 0.010883831621318897
köy	4 96 21 779 0.010883831621318897
hayat	25 75 133 667 0.010763282853361252
acil	3 97 16 784 0.01074062331051207
can	6 94 32 768 0.01074062331051207
kötü	6 94 32 768 0.01074062331051207
ocak	3 97 16 784 0.01074062331051207
sağlayan	3 97 16 784 0.01074062331051207
tahmin	6 94 32 768 0.01074062331051207
video	3 97 16 784 0.01074062331051207
çarşamba	3 97 16 784 0.01074062331051207
örgüt	6 94 32 768 0.01074062331051207
ülke	33 67 176 624 0.01074062331051207
doğu	8 92 43 757 0.010670423158155782
devlet	15 85 81 719 0.010628741817694236
hazır	5 95 27 773 0.010628741817694236
verme	14 86 76 724 0.010581502965171151
geç	15 85 82 718 0.010519167159779862
etkili	4 96 22 778 0.010465222712806633
süreci	8 92 44 756 0.010465222712806633
teşekkür	4 96 22 778 0.010465222712806633
trafik	4 96 22 778 0.010465222712806633
çıkma	10 90 55 745 0.010465222712806633
in	21 79 116 684 0.010427028469329237
karşı	22 78 122 678 0.01039254755507881
tam	9 91 50 750 0.010376534384732
bura	5 95 28 772 0.010306658732309562
ulaş	5 95 28 772 0.010306658732309562
öğrenil	5 95 28 772 0.010306658732309562
geri	11 89 62 738 0.010250183889940744
ilişki	20 80 113 687 0.010229165057630543
bat	3 97 17 783 0.010203592144986466
düzenlen	3 97 17 783 0.010203592144986466
kafa	3 97 17 783 0.010203592144986466
savun	3 97 17 783 0.010203592144986466
twitter	6 94 34 766 0.010203592144986466
umut	3 97 17 783 0.010203592144986466
şehir	6 94 34 766 0.010203592144986466
gelen	26 74 148 652 0.010164497922208741
olay	14 86 80 720 0.010131226243248975
abdullah	4 96 23 777 0.010077621871591572
adam	4 96 23 777 0.010077621871591572
ilginç	4 96 23 777 0.010077621871591572
kullan	12 88 69 731 0.010077621871591572
yay	4 96 23 777 0.010077621871591572
geldik	13 87 75 725 0.010048992264001824
kabul	9 91 52 748 0.010036320142609639
belirt	19 81 110 690 0.010019031046756737
açık	10 90 58 742 0.010003521710771046
bil	5 95 29 771 0.010003521710771046
ekonomik	5 95 29 771 0.010003521710771046
isim	10 90 58 742 0.010003521710771046
süren	5 95 29 771 0.010003521710771046
kalma	6 94 35 765 0.009954724043889236
politika	6 94 35 765 0.009954724043889236
gece	7 93 41 759 0.009920159029847954
olacak	11 89 65 735 0.009845571367969397
duru	18 82 107 693 0.009795448459187008
bağlı	7 93 42 758 0.009717706804749017
yak	17 83 102 698 0.009717706804749017
alındık	4 96 24 776 0.009717706804749015
ankara	12 88 72 728 0.009717706804749015
baş	24 76 144 656 0.009717706804749015
beraber	4 96 24 776 0.009717706804749015
civar	3 97 18 782 0.009717706804749015
edilme	3 97 18 782 0.009717706804749015
fikir	4 96 24 776 0.009717706804749015
gerektik	12 88 72 728 0.009717706804749015
geçiril	3 97 18 782 0.009717706804749015
hayal	4 96 24 776 0.009717706804749015
kullanmak	3 97 18 782 0.009717706804749015
terör	4 96 24 776 0.009717706804749015
top	3 97 18 782 0.009717706804749015
zarar	5 95 30 770 0.009717706804749015
kas	15 85 91 709 0.009626030325458931
başka	39 61 238 562 0.009577378908651556
do	8 92 49 751 0.009547220720455173
okul	7 93 43 757 0.009523352668654035
saye	7 93 43 757 0.009523352668654035
er	6 94 37 763 0.009491713623243225
toplu	6 94 37 763 0.009491713623243225
ağır	5 95 31 769 0.0094477705046171
görüş	5 95 31 769 0.0094477705046171
uluslararası	10 90 62 738 0.0094477705046171
açıklama	31 69 193 607 0.00941402846710061
emir	4 96 25 775 0.009382613466654222
geçmiş	4 96 25 775 0.009382613466654222
yönetim	12 88 75 725 0.009382613466654222
çift	4 96 25 775 0.009382613466654222
barış	3 97 19 781 0.009275992859078605
giderek	3 97 19 781 0.009275992859078605
mevcut	3 97 19 781 0.009275992859078605
oran	6 94 38 762 0.009275992859078605
tehlike	3 97 19 781 0.009275992859078605
çerçeve	3 97 19 781 0.009275992859078605
araç	8 92 51 749 0.009223586119761778
ileri	8 92 51 749 0.009223586119761778
büyük	33 67 211 589 0.009199960130725503
kes	5 95 32 768 0.009192425355843664
nde	5 95 32 768 0.009192425355843664
film	7 93 45 755 0.009157069873705804
çeşitli	7 93 45 755 0.009157069873705804
aile	9 91 58 742 0.009137545204465492
kadı	9 91 58 742 0.009137545204465492
arka	4 96 26 774 0.009069859684432415
değer	4 96 26 774 0.009069859684432415
dön	4 96 26 774 0.009069859684432415
söyleyen	4 96 26 774 0.009069859684432415
vermek	4 96 26 774 0.009069859684432415
kişi	28 72 184 616 0.008984294970428335
ak	10 90 66 734 0.008950519425426726
görülen	5 95 33 767 0.008950519425426726
sıkıntı	5 95 33 767 0.008950519425426726
üye	10 90 66 734 0.008950519425426726
edil	11 89 73 727 0.008907897904353266
kapalı	3 97 20 780 0.008872688821727362
otomobil	3 97 20 780 0.008872688821727362
şart	3 97 20 780 0.008872688821727362
fotoğraf	7 93 47 753 0.008817919137642625
baba	5 95 34 766 0.00872101892733886
giriş	5 95 34 766 0.00872101892733886
olma	23 77 158 642 0.008643927047318187
gelme	8 92 55 745 0.008637961604221348
bit	3 97 21 779 0.008502993454155389
cep	3 97 21 779 0.008502993454155389
diyen	5 95 35 765 0.008502993454155389
geçme	3 97 21 779 0.008502993454155389
gösteren	3 97 21 779 0.008502993454155389
iktidar	3 97 21 779 0.008502993454155389
merak	3 97 21 779 0.008502993454155389
mutlaka	3 97 21 779 0.008502993454155389
saha	3 97 21 779 0.008502993454155389
sene	3 97 21 779 0.008502993454155389
tartışma	4 96 28 772 0.008502993454155389
veril	7 93 49 751 0.008502993454155389
tek	15 85 106 694 0.00843272078098055
mücadele	8 92 57 743 0.008372178170245307
bulunan	15 85 107 693 0.008363600118841366
dönem	18 82 129 671 0.008329462975499156
kuruluş	6 94 43 757 0.008329462975499156
ceza	5 95 36 764 0.008295603369907697
sokak	5 95 36 764 0.008295603369907697
te	5 95 36 764 0.008295603369907697
şirket	9 91 65 735 0.008273182820259297
ahmet	4 96 29 771 0.00824532698584765
com	3 97 22 778 0.008162873715989174
dergi	3 97 22 778 0.008162873715989174
firma	3 97 22 778 0.008162873715989174
madde	3 97 22 778 0.008162873715989174
masa	3 97 22 778 0.008162873715989174
yaz	8 92 59 741 0.008122262403969327
alma	13 87 96 704 0.008112947882863857
sağla	5 95 37 763 0.008098089003957512
söyle	28 72 208 592 0.008070637854791556
ad	15 85 112 688 0.008034324523611391
baskı	4 96 30 770 0.008002817368616837
bulunduk	14 86 105 695 0.008002817368616837
etmek	8 92 60 740 0.008002817368616837
rapor	4 96 30 770 0.008002817368616837
hedef	6 94 45 755 0.008002817368616836
sosyal	9 91 68 732 0.007950851022067376
işaret	7 93 53 747 0.007936127223878363
güç	10 90 76 724 0.007909761352702688
arkadaş	8 92 61 739 0.0078868345082021
iletiş	3 97 23 777 0.007848917034604974
imkan	3 97 23 777 0.007848917034604974
kullandık	3 97 23 777 0.007848917034604974
sır	9 91 69 731 0.007848917034604974
telefon	6 94 46 754 0.007848917034604974
dış	14 86 108 692 0.0078060267775852754
konu	30 70 232 568 0.007789001637394249
model	4 96 31 769 0.007774165443799213
oluştur	4 96 31 769 0.007774165443799213
yönetici	4 96 31 769 0.007774165443799213
özel	12 88 93 707 0.007774165443799212
merkez	13 87 101 699 0.0077571168353698285
göz	9 91 70 730 0.007749563654420101
dönüş	5 95 39 761 0.007729994049232172
ziyaret	5 95 39 761 0.007729994049232172
ay	24 76 188 612 0.007700824260367144
gün	33 67 259 541 0.0076876379174555575
ye	30 70 238 562 0.007614621003721243
gündem	7 93 56 744 0.00755821640369368
biraz	5 95 40 760 0.007558216403693679
devir	3 97 24 776 0.007558216403693679
etki	8 92 64 736 0.007558216403693679
gel	26 74 208 592 0.007558216403693679
giren	3 97 24 776 0.007558216403693679
kız	5 95 40 760 0.007558216403693679
ortak	4 96 32 768 0.007558216403693679
süresi	3 97 24 776 0.007558216403693679
ver	23 77 186 614 0.0074858889739932615
yardımcı	9 91 73 727 0.0074660430329169265
anlat	8 92 65 735 0.007454679192684176
faz	15 85 122 678 0.007447877478092311
gelecek	7 93 57 743 0.007440119272385966
deva	23 77 188 612 0.007414932680400908
iz	5 95 41 759 0.007393907351439469
yoğ	5 95 41 759 0.007393907351439469
kar	9 91 74 726 0.007376090707219131
birinci	4 96 33 767 0.007353940284674931
çalışan	7 93 58 742 0.007325655898964643
dışarı	3 97 25 775 0.007288280103561762
küresel	3 97 25 775 0.007288280103561762
hak	18 82 150 650 0.007288280103561761
çık	17 83 142 658 0.0072730006903467485
iç	14 86 117 683 0.007269734861567966
istedik	5 95 42 758 0.007236590173749267
sahne	5 95 42 758 0.007236590173749267
sıra	10 90 84 716 0.007236590173749267
yıldız	5 95 42 758 0.007236590173749267
bildir	7 93 59 741 0.0072146611126166936
yok	14 86 119 681 0.007160415540341381
ciddi	6 94 51 749 0.00716041554034138
gir	6 94 51 749 0.00716041554034138
vatandaş	6 94 51 749 0.00716041554034138
veren	8 92 68 732 0.00716041554034138
zor	10 90 85 715 0.00716041554034138
çalış	10 90 85 715 0.00716041554034138
insan	15 85 128 672 0.007135379122368158
içeri	9 91 77 723 0.007118785217432418
eş	5 95 43 757 0.007085827878462824
tür	5 95 43 757 0.007085827878462824
türkiye	30 70 258 542 0.007085827878462824
be	3 97 26 774 0.007036960099990666
bilgisayar	3 97 26 774 0.007036960099990666
sürdür	3 97 26 774 0.007036960099990666
tamamen	3 97 26 774 0.007036960099990666
art	19 81 166 634 0.006986243270441184
dair	4 96 35 765 0.006976815141871089
gereken	4 96 35 765 0.006976815141871089
soru	12 88 105 695 0.006976815141871088
görev	9 91 79 721 0.006956994644308954
at	5 95 44 756 0.006941219146249297
başarılı	5 95 44 756 0.006941219146249297
gelişme	5 95 44 756 0.006941219146249297
nokta	7 93 62 738 0.006900980194676837
dünya	22 78 195 605 0.006896437087241237
yük	9 91 80 720 0.006878826165159415
yen	25 75 224 576 0.006829713617795493
ara	31 69 278 522 0.006824408985859341
ses	4 96 36 764 0.0068023947633243115
türk	14 86 126 674 0.0068023947633243115
çek	9 91 81 719 0.006802394763324311
milyon	13 87 118 682 0.006750468085741683
an	17 83 155 645 0.006723297149797284
ait	7 93 64 736 0.006706586386376082
genç	7 93 64 736 0.006706586386376082
orta	19 81 174 626 0.006696658057158648
yaşadık	6 94 55 745 0.006690880095073092
şekil	13 87 120 680 0.006648957287459853
dev	4 96 37 763 0.006636482695926157
yap	13 87 121 679 0.006599338203225078
ticaret	3 97 28 772 0.006582962674184817
yapı	6 94 56 744 0.006582962674184817
ayn	14 86 131 669 0.006567829426657956
faaliyet	5 95 47 753 0.006540764195504145
yapma	10 90 94 706 0.006540764195504145
iste	12 88 114 686 0.0064784712031660105
milyar	4 96 38 762 0.0064784712031660105
sayı	12 88 114 686 0.0064784712031660105
özellik	11 89 105 695 0.006450546758324778
sor	5 95 48 752 0.006417353550305953
çocuk	10 90 96 704 0.006417353550305953
lazım	3 97 29 771 0.006377245090616541
oluş	3 97 29 771 0.006377245090616541
vücut	3 97 29 771 0.006377245090616541
ilk	21 79 205 595 0.0063208092933544485
yıl	36 64 352 448 0.006311500295867917
birlik	16 84 158 642 0.006255075644436148
üzeri	24 76 237 563 0.006255075644436147
belli	3 97 30 770 0.006183995239385737
operasyon	3 97 30 770 0.006183995239385737
uz	8 92 80 720 0.006183995239385737
yön	6 94 60 740 0.006183995239385737
önemli	18 82 181 619 0.006152919886423999
alan	21 79 213 587 0.0061047132491372025
şekli	6 94 61 739 0.0060916968029769945
olduk	10 90 102 698 0.006073566752968135
al	23 77 235 565 0.006064150370405394
bak	4 96 41 759 0.0060465731229549435
tercih	4 96 41 759 0.0060465731229549435
iş	15 85 154 646 0.006037628488157672
direktör	3 97 31 769 0.006002113026462627
hız	3 97 31 769 0.006002113026462627
yapan	9 91 93 707 0.006002113026462627
edilen	8 92 83 717 0.005980127264460933
yıllık	5 95 52 748 0.005967012950284483
doğru	7 93 73 727 0.005952095417908773
git	6 94 63 737 0.005915125881151575
sahip	12 88 126 674 0.005915125881151575
ol	19 81 201 599 0.0058747954774164505
ettik	3 97 32 768 0.005830624082849409
tabii	3 97 32 768 0.005830624082849409
et	16 84 172 628 0.005789272138999413
ora	6 94 65 735 0.005748502616893783
birbiri	3 97 33 767 0.005668662302770259
dernek	3 97 33 767 0.005668662302770259
internet	5 95 55 745 0.005668662302770259
nun	4 96 44 756 0.005668662302770259
program	6 94 66 734 0.005668662302770259
sistem	6 94 66 734 0.005668662302770259
sağlık	8 92 89 711 0.005610222485215927
karar	7 93 78 722 0.005601972158031786
hal	16 84 179 621 0.0055814521134968705
bul	10 90 112 688 0.00557573341256091
genel	15 85 168 632 0.00557573341256091
kaydet	10 90 112 688 0.00557573341256091
değişiklik	4 96 45 755 0.005552975316999438
söz	12 88 135 665 0.005552975316999437
sayfa	3 97 34 766 0.005515455213506198
para	5 95 57 743 0.005485802228487348
yönelik	5 95 57 743 0.005485802228487348
bili	4 96 46 754 0.005441915810659449
milletvekil	4 96 46 754 0.005441915810659449
tekrar	4 96 46 754 0.005441915810659449
takip	5 95 58 742 0.005398726002638342
bulun	6 94 70 730 0.005370311655256035
salon	3 97 35 765 0.005370311655256035
say	3 97 35 765 0.005370311655256035
yer	13 87 152 648 0.005359462540800972
iyi	13 87 153 647 0.005327176621880485
grup	9 91 106 694 0.005323613293036417
bilgi	12 88 142 658 0.0053005673480449175
olmadık	5 95 60 740 0.0052326113564033164
yaptık	3 97 36 764 0.005232611356403316
ev	8 92 97 703 0.005182776962532809
gerek	8 92 97 703 0.005182776962532809
hareket	4 96 49 751 0.005133882840244763
yol	12 88 147 653 0.005133882840244763
alt	11 89 135 665 0.005125091944970372
ifade	18 82 222 578 0.005101796072493233
küçük	3 97 37 763 0.005101796072493233
amacı	5 95 63 737 0.005001760855385523
ihtiyaç	5 95 63 737 0.005001760855385523
avrupa	6 94 76 724 0.004977362021944618
değerlendirme	3 97 38 762 0.004977362021944618
zaman	15 85 190 610 0.004977362021944618
çevre	3 97 38 762 0.004977362021944618
hizmet	6 94 77 723 0.004917393804812755
yan	6 94 77 723 0.004917393804812755
aç	4 96 52 748 0.004858853402374508
deniz	3 97 39 761 0.004858853402374508
dil	10 90 130 670 0.004858853402374508
düzenlenen	5 95 65 735 0.004858853402374508
ekonomi	3 97 39 761 0.004858853402374508
getir	8 92 105 695 0.004815854699698628
seviye	3 97 40 760 0.0047458568116216125
yöntem	3 97 40 760 0.0047458568116216125
yaklaşık	5 95 67 733 0.00472388525230855
konuş	13 87 175 625 0.004703783612937024
önem	3 97 41 759 0.004637996429539303
tarih	9 91 124 676 0.004603124275933744
olabil	5 95 69 731 0.004596212677921832
belirterek	7 93 97 703 0.004578534936852902
mümkün	3 97 42 758 0.004534929842216207
plan	3 97 42 758 0.004534929842216207
yapıl	8 92 113 687 0.0044974510831896275
düş	5 95 71 729 0.004475259712713363
spor	4 96 57 743 0.004460586730048729
açı	3 97 43 757 0.004436344410863681
gerçek	5 95 74 726 0.0043053131413445
aldık	8 92 120 680 0.0042514967270776945
dikkat	10 90 150 650 0.0042514967270776945
çalışma	11 89 166 634 0.004227476971557482
taş	3 97 46 754 0.004164731487749578
uzman	3 97 46 754 0.004164731487749578
geçtik	4 96 62 738 0.004122663492923825
erdoğan	3 97 47 753 0.004081436857994587
katkı	3 97 47 753 0.004081436857994587
rol	3 97 47 753 0.004081436857994587
farklı	6 94 98 702 0.003924458517302487
kapsam	3 97 49 751 0.003924458517302487
katıl	3 97 49 751 0.003924458517302487
kıs	3 97 50 750 0.003850412130183572
araştırma	5 95 85 715 0.0037791082018468394
tedavi	3 97 51 749 0.0037791082018468394
hastane	3 97 52 748 0.003710397143631442
getiren	3 97 53 747 0.003644140051780881
su	3 97 53 747 0.003644140051780881
topla	3 97 54 746 0.00358020777017069
çıkan	5 95 91 709 0.003542913939231412
örnek	3 97 55 745 0.003518480049995333
ünlü	4 96 74 726 0.0034884075709355443
akşam	3 97 56 744 0.0034588447949106664
anlam	3 97 56 744 0.0034588447949106664
başarı	3 97 61 739 0.0031886225453082707
ilgi	3 97 63 737 0.0030919976196928686
proje	3 97 63 737 0.0030919976196928686
yaşa	5 95 105 695 0.0030919976196928686
ek	4 96 85 715 0.003057256073404185
alınan	3 97 64 736 0.0030458484014884973
müdür	3 97 74 726 0.0026502836740224587
istanbul	5 95 132 668 0.0024826258260307703
ekip	4 96 106 694 0.002473598095754295
durum	3 97 82 718 0.0024008452105850507
belirten	3 97 104 696 0.0019072134850441993
aa	3 97 156 644 0.0012834707100611907
