adıyamanlı	3 97 0 800 0.06802394763324311
alkış	6 94 0 800 0.06802394763324311
alış	3 97 0 800 0.06802394763324311
anlamlı	3 97 0 800 0.06802394763324311
apar	3 97 0 800 0.06802394763324311
araba	4 96 0 800 0.06802394763324311
artvinli	3 97 0 800 0.06802394763324311
asmalımescit	3 97 0 800 0.06802394763324311
atay	3 97 0 800 0.06802394763324311
atv	3 97 0 800 0.06802394763324311
aynen	4 96 0 800 0.06802394763324311
ayrıl	6 94 0 800 0.06802394763324311
ayrılık	7 93 0 800 0.06802394763324311
aşık	3 97 0 800 0.06802394763324311
bayıl	5 95 0 800 0.06802394763324311
benzerlik	5 95 0 800 0.06802394763324311
beğen	4 96 0 800 0.06802394763324311
bilmedik	3 97 0 800 0.06802394763324311
bond	3 97 0 800 0.06802394763324311
bozul	3 97 0 800 0.06802394763324311
boşanacak	3 97 0 800 0.06802394763324311
boşanma	4 96 0 800 0.06802394763324311
canlandıran	5 95 0 800 0.06802394763324311
davran	4 96 0 800 0.06802394763324311
dedikodu	3 97 0 800 0.06802394763324311
devam	3 97 0 800 0.06802394763324311
disiplinli	3 97 0 800 0.06802394763324311
diyebil	3 97 0 800 0.06802394763324311
dizi	26 74 0 800 0.06802394763324311
duy	5 95 0 800 0.06802394763324311
duygulandır	3 97 0 800 0.06802394763324311
duygulandıran	3 97 0 800 0.06802394763324311
ekmek	3 97 0 800 0.06802394763324311
eleştiren	3 97 0 800 0.06802394763324311
emek	4 96 0 800 0.06802394763324311
ercan	3 97 0 800 0.06802394763324311
esra	3 97 0 800 0.06802394763324311
etsi	3 97 0 800 0.06802394763324311
evcen	3 97 0 800 0.06802394763324311
evlen	5 95 0 800 0.06802394763324311
fahri	3 97 0 800 0.06802394763324311
fragman	4 96 0 800 0.06802394763324311
galiba	4 96 0 800 0.06802394763324311
giydik	5 95 0 800 0.06802394763324311
görüntülen	10 90 0 800 0.06802394763324311
han	5 95 0 800 0.06802394763324311
harcanan	3 97 0 800 0.06802394763324311
hareketlendir	3 97 0 800 0.06802394763324311
hatırla	3 97 0 800 0.06802394763324311
hilmi	3 97 0 800 0.06802394763324311
hisset	4 96 0 800 0.06802394763324311
hollywood	3 97 0 800 0.06802394763324311
ihanet	7 93 0 800 0.06802394763324311
imirzalıoğlu	3 97 0 800 0.06802394763324311
ithaf	4 96 0 800 0.06802394763324311
itiraf	3 97 0 800 0.06802394763324311
karadayı	3 97 0 800 0.06802394763324311
karayel	4 96 0 800 0.06802394763324311
kenan	7 93 0 800 0.06802394763324311
keşfet	3 97 0 800 0.06802394763324311
komedi	7 93 0 800 0.06802394763324311
konuşul	4 96 0 800 0.06802394763324311
kurt	6 94 0 800 0.06802394763324311
kutsal	3 97 0 800 0.06802394763324311
kötülük	3 97 0 800 0.06802394763324311
kırmızıgül	5 95 0 800 0.06802394763324311
kırıklık	4 96 0 800 0.06802394763324311
kıvanç	3 97 0 800 0.06802394763324311
kıyafet	4 96 0 800 0.06802394763324311
magazin	6 94 0 800 0.06802394763324311
mahsun	5 95 0 800 0.06802394763324311
makyaj	3 97 0 800 0.06802394763324311
manken	3 97 0 800 0.06802394763324311
mekânda	3 97 0 800 0.06802394763324311
melek	3 97 0 800 0.06802394763324311
meraklandır	3 97 0 800 0.06802394763324311
meğer	3 97 0 800 0.06802394763324311
milyoner	3 97 0 800 0.06802394763324311
musunuz	4 96 0 800 0.06802394763324311
nişantaşı	4 96 0 800 0.06802394763324311
objektif	5 95 0 800 0.06802394763324311
okan	3 97 0 800 0.06802394763324311
olunca	3 97 0 800 0.06802394763324311
oyunculuk	4 96 0 800 0.06802394763324311
ozan	3 97 0 800 0.06802394763324311
paylaştık	7 93 0 800 0.06802394763324311
polisiye	4 96 0 800 0.06802394763324311
poz	6 94 0 800 0.06802394763324311
pus	3 97 0 800 0.06802394763324311
rahmetli	3 97 0 800 0.06802394763324311
reyting	4 96 0 800 0.06802394763324311
romantik	5 95 0 800 0.06802394763324311
sayıl	3 97 0 800 0.06802394763324311
secret	3 97 0 800 0.06802394763324311
seksi	3 97 0 800 0.06802394763324311
sevgili	7 93 0 800 0.06802394763324311
sevilen	5 95 0 800 0.06802394763324311
sevme	6 94 0 800 0.06802394763324311
show	3 97 0 800 0.06802394763324311
skyfall	3 97 0 800 0.06802394763324311
songül	3 97 0 800 0.06802394763324311
sorma	3 97 0 800 0.06802394763324311
stüdyo	5 95 0 800 0.06802394763324311
sunucu	10 90 0 800 0.06802394763324311
sunuculuk	4 96 0 800 0.06802394763324311
söyleyebil	4 96 0 800 0.06802394763324311
sıkma	3 97 0 800 0.06802394763324311
tahammül	4 96 0 800 0.06802394763324311
ti	5 95 0 800 0.06802394763324311
to	3 97 0 800 0.06802394763324311
topaloğlu	4 96 0 800 0.06802394763324311
topar	3 97 0 800 0.06802394763324311
tutma	3 97 0 800 0.06802394763324311
umutsuz	4 96 0 800 0.06802394763324311
uğrama	4 96 0 800 0.06802394763324311
vahi	4 96 0 800 0.06802394763324311
vakit	3 97 0 800 0.06802394763324311
yalan	3 97 0 800 0.06802394763324311
yansı	5 95 0 800 0.06802394763324311
yaratan	5 95 0 800 0.06802394763324311
yarışmacı	4 96 0 800 0.06802394763324311
yayınlan	4 96 0 800 0.06802394763324311
yedik	5 95 0 800 0.06802394763324311
yla	3 97 0 800 0.06802394763324311
çalışarak	3 97 0 800 0.06802394763324311
çalışmak	3 97 0 800 0.06802394763324311
çarpıcı	4 96 0 800 0.06802394763324311
çekilen	6 94 0 800 0.06802394763324311
çekim	5 95 0 800 0.06802394763324311
çekmek	3 97 0 800 0.06802394763324311
çektirdik	3 97 0 800 0.06802394763324311
çocukluk	3 97 0 800 0.06802394763324311
öğret	3 97 0 800 0.06802394763324311
üz	3 97 0 800 0.06802394763324311
üzülme	4 96 0 800 0.06802394763324311
şanslı	6 94 0 800 0.06802394763324311
şaşırt	4 96 0 800 0.06802394763324311
şov	5 95 0 800 0.06802394763324311
evet	9 91 0 800 0.0680239476332431
başrol	17 83 4 796 0.05506700522691109
foto	17 83 5 795 0.05256395953477877
röportaj	8 92 3 797 0.0494719619150859
sevdik	10 90 4 796 0.04858853402374508
diz	17 83 7 793 0.04818362957354721
damga	7 93 3 797 0.04761676334327018
kanal	7 93 3 797 0.04761676334327018
keyif	7 93 3 797 0.04761676334327018
saç	7 93 3 797 0.04761676334327018
galeri	17 83 8 792 0.04625628439060532
isyan	6 94 3 797 0.04534929842216207
set	6 94 3 797 0.04534929842216207
bırak	10 90 6 794 0.04251496727077694
partner	5 95 3 797 0.04251496727077694
tanıdık	5 95 3 797 0.04251496727077694
zeynep	5 95 3 797 0.04251496727077694
öykü	5 95 3 797 0.04251496727077694
özcan	5 95 3 797 0.04251496727077694
şark	10 90 6 794 0.04251496727077694
ekran	18 82 11 789 0.042221760599943994
karakter	9 91 6 794 0.040814368579945866
le	10 90 7 793 0.04001408684308418
bildik	4 96 3 797 0.03887082721899606
canlandır	4 96 3 797 0.03887082721899606
deneme	4 96 3 797 0.03887082721899606
detay	4 96 3 797 0.03887082721899606
götür	4 96 3 797 0.03887082721899606
kanalı	4 96 3 797 0.03887082721899606
laf	4 96 3 797 0.03887082721899606
rahatsız	4 96 3 797 0.03887082721899606
san	4 96 3 797 0.03887082721899606
sohbet	8 92 6 794 0.03887082721899606
yaşama	4 96 3 797 0.03887082721899606
güzellik	5 95 4 796 0.0377910820184684
renk	5 95 4 796 0.0377910820184684
vuran	5 95 4 796 0.0377910820184684
twitter	22 78 18 782 0.03741317119828371
deme	7 93 6 794 0.03662827949482322
final	8 92 7 793 0.03627943873772966
profesyonel	8 92 7 793 0.03627943873772966
şarkıcı	8 92 7 793 0.03627943873772966
tv	12 88 11 789 0.035490755286909446
altan	5 95 5 795 0.034011973816621556
ark	3 97 3 797 0.034011973816621556
açma	3 97 3 797 0.034011973816621556
başlık	3 97 3 797 0.034011973816621556
boş	3 97 3 797 0.034011973816621556
bulabil	3 97 3 797 0.034011973816621556
dert	3 97 3 797 0.034011973816621556
gizem	3 97 3 797 0.034011973816621556
hayır	4 96 4 796 0.034011973816621556
izlenme	3 97 3 797 0.034011973816621556
katılmak	3 97 3 797 0.034011973816621556
meslek	7 93 7 793 0.034011973816621556
oku	6 94 6 794 0.034011973816621556
olama	6 94 6 794 0.034011973816621556
otur	4 96 4 796 0.034011973816621556
oynamak	3 97 3 797 0.034011973816621556
senaryo	4 96 4 796 0.034011973816621556
sinema	12 88 12 788 0.034011973816621556
sınıf	5 95 5 795 0.034011973816621556
tanınma	3 97 3 797 0.034011973816621556
ulaşmak	3 97 3 797 0.034011973816621556
uğur	3 97 3 797 0.034011973816621556
çabuk	3 97 3 797 0.034011973816621556
özgür	6 94 6 794 0.034011973816621556
öğren	4 96 4 796 0.034011973816621556
evlilik	9 91 9 791 0.03401197381662155
oyna	8 92 9 791 0.03201126947446735
paylaş	8 92 9 791 0.03201126947446735
tiyatro	8 92 9 791 0.03201126947446735
izleyici	7 93 8 792 0.03174450889551345
veda	6 94 7 793 0.031395668138419895
rol	23 77 27 773 0.03129101591129183
mekan	5 95 6 794 0.030919976196928687
söyleme	5 95 6 794 0.030919976196928687
bölü	16 84 20 780 0.030232865614774715
kız	20 80 25 775 0.030232865614774715
üstlendik	4 96 5 795 0.030232865614774715
aşk	15 85 19 781 0.030010565132313136
bap	7 93 9 791 0.029760477089543862
akkaya	3 97 4 796 0.029153120414247048
alabil	3 97 4 796 0.029153120414247048
dans	6 94 8 792 0.029153120414247048
diş	3 97 4 796 0.029153120414247048
ilerleyen	3 97 4 796 0.029153120414247048
james	3 97 4 796 0.029153120414247048
keyifli	3 97 4 796 0.029153120414247048
kostüm	3 97 4 796 0.029153120414247048
orhan	3 97 4 796 0.029153120414247048
oynayan	3 97 4 796 0.029153120414247048
parmak	3 97 4 796 0.029153120414247048
uçurum	3 97 4 796 0.029153120414247048
vadi	3 97 4 796 0.029153120414247048
yalnız	6 94 8 792 0.029153120414247048
yönettik	3 97 4 796 0.029153120414247048
hikaye	11 89 15 785 0.02877936246021824
pos	5 95 7 793 0.028343311513851294
sev	7 93 10 790 0.02800986079015893
yarışma	7 93 10 790 0.02800986079015893
mutlu	19 81 28 772 0.027499042660247212
eskişehir	4 96 6 794 0.027209579053297246
kahve	4 96 6 794 0.027209579053297246
yarat	4 96 6 794 0.027209579053297246
heyecan	6 94 9 791 0.027209579053297243
yayınlanan	6 94 9 791 0.027209579053297243
la	9 91 14 786 0.026618066465182083
alışveriş	5 95 8 792 0.02616305678201658
izleyen	5 95 8 792 0.02616305678201658
be	11 89 18 782 0.02580218703329911
sayfa	14 86 23 777 0.02573879099636226
bilme	6 94 10 790 0.025508980362466165
değ	3 97 5 795 0.025508980362466165
dost	3 97 5 795 0.025508980362466165
izledik	3 97 5 795 0.025508980362466165
üzül	3 97 5 795 0.025508980362466165
türlü	7 93 12 788 0.02506145439119483
bozma	4 96 7 793 0.02473598095754295
burak	4 96 7 793 0.02473598095754295
evlat	4 96 7 793 0.02473598095754295
yayınla	4 96 7 793 0.02473598095754295
kolay	9 91 16 784 0.02448862114796752
fotoğraf	19 81 35 765 0.02393435194502998
ünlü	27 73 51 749 0.023546751103814923
oyuncu	28 72 53 747 0.02351445103371367
çift	10 90 19 781 0.023456533666635554
katılan	11 89 21 779 0.02338323199892732
şarkı	7 93 14 786 0.02267464921108104
bebek	5 95 10 790 0.022674649211081036
düzen	3 97 6 794 0.022674649211081036
izleme	4 96 8 792 0.022674649211081036
kesinlik	3 97 6 794 0.022674649211081036
meme	3 97 6 794 0.022674649211081036
peki	5 95 10 790 0.022674649211081036
seçil	3 97 6 794 0.022674649211081036
web	10 90 20 780 0.022674649211081036
not	12 88 25 775 0.02206182085402479
sürekli	8 92 17 783 0.021767663242637795
geçtik	21 79 45 755 0.02164398333785008
çekme	5 95 11 789 0.02125748363538847
gizli	4 96 9 791 0.020930445425613266
güven	4 96 9 791 0.020930445425613266
oğul	4 96 9 791 0.020930445425613266
akşam	18 82 41 759 0.020753068769464
ağırla	3 97 7 793 0.020407184289972933
cesaret	3 97 7 793 0.020407184289972933
kırmız	3 97 7 793 0.020407184289972933
müzisyen	3 97 7 793 0.020407184289972933
tanık	3 97 7 793 0.020407184289972933
özlem	3 97 7 793 0.020407184289972933
yay	8 92 19 781 0.020155243743183143
seyirci	5 95 12 788 0.02000704342154209
arkadaş	20 80 49 751 0.01971708627050525
düşünce	4 96 10 790 0.01943541360949803
görün	4 96 10 790 0.01943541360949803
kamera	4 96 10 790 0.01943541360949803
oturma	4 96 10 790 0.01943541360949803
baba	11 89 28 772 0.019186241640145492
ingiliz	5 95 13 787 0.0188955410092342
program	20 80 52 748 0.0188955410092342
bekleyen	3 97 8 792 0.01855198571815721
ibrahim	3 97 8 792 0.01855198571815721
ikili	3 97 8 792 0.01855198571815721
izle	3 97 8 792 0.01855198571815721
karadeniz	3 97 8 792 0.01855198571815721
prim	3 97 8 792 0.01855198571815721
tanı	6 94 16 784 0.01855198571815721
yet	3 97 8 792 0.01855198571815721
eş	13 87 35 765 0.018423152484003343
gece	13 87 35 765 0.018423152484003343
asıl	4 96 11 789 0.01813971936886483
kanser	4 96 11 789 0.01813971936886483
siyah	4 96 11 789 0.01813971936886483
yönetme	4 96 11 789 0.01813971936886483
televizyon	9 91 25 775 0.01800633907938788
can	10 90 28 772 0.01790103885085345
dedik	5 95 14 786 0.01790103885085345
konuk	5 95 14 786 0.01790103885085345
yazdık	5 95 14 786 0.01790103885085345
anne	11 89 31 769 0.01781579580870653
gör	17 83 48 752 0.017790878611771276
bölüm	12 88 34 766 0.017745377643454723
york	6 94 17 783 0.017745377643454723
ilginç	7 93 20 780 0.01763583827528525
yemek	7 93 20 780 0.01763583827528525
tabii	9 91 26 774 0.017491872248548226
bit	6 94 18 782 0.017005986908310778
cep	6 94 18 782 0.017005986908310778
değerli	3 97 9 791 0.017005986908310778
duygu	3 97 9 791 0.017005986908310778
eşlik	4 96 12 788 0.017005986908310778
geçirdik	3 97 9 791 0.017005986908310778
gören	6 94 18 782 0.017005986908310778
gül	5 95 15 785 0.017005986908310778
hayal	7 93 21 779 0.017005986908310778
isteme	5 95 15 785 0.017005986908310778
kardeş	4 96 12 788 0.017005986908310778
klasik	4 96 12 788 0.017005986908310778
merak	6 94 18 782 0.017005986908310778
mutluluk	4 96 12 788 0.017005986908310778
oynadık	4 96 12 788 0.017005986908310778
versiyon	3 97 9 791 0.017005986908310778
te	10 90 31 769 0.016591206739815394
erkek	7 93 22 778 0.01641957356664489
yanıt	7 93 22 778 0.01641957356664489
albüm	6 94 19 781 0.016325747431978347
masa	6 94 19 781 0.016325747431978347
deniz	10 90 32 768 0.016196178007915025
tanıt	5 95 16 784 0.016196178007915025
güzel	14 86 45 755 0.01614127570958311
sezon	9 91 29 771 0.016110934965768105
yi	8 92 26 774 0.016005634737233675
sahne	11 89 36 764 0.015920498382248387
er	10 90 33 767 0.015819522705405376
eğlence	3 97 10 790 0.015697834069209948
film	12 88 40 760 0.015697834069209948
gez	3 97 10 790 0.015697834069209948
hayran	3 97 10 790 0.015697834069209948
kariyer	3 97 10 790 0.015697834069209948
ker	3 97 10 790 0.015697834069209948
otel	3 97 10 790 0.015697834069209948
oynama	3 97 10 790 0.015697834069209948
çizgi	3 97 10 790 0.015697834069209948
çiçek	3 97 10 790 0.015697834069209948
ta	5 95 17 783 0.015459988098464343
konser	4 96 14 786 0.015116432807387357
ışık	4 96 14 786 0.015116432807387357
çalış	21 79 74 726 0.015036872634716899
sunduk	5 95 18 782 0.014787814702878937
em	3 97 11 789 0.014576560207123524
yanıtla	3 97 11 789 0.014576560207123524
çek	19 81 71 729 0.014360611167017989
gir	12 88 45 755 0.01432083108068276
mutlaka	5 95 19 781 0.014171655756925647
sene	5 95 19 781 0.014171655756925647
tut	5 95 19 781 0.014171655756925647
daki	6 94 23 777 0.014073920199981332
sanatçı	10 90 39 761 0.013882438292498593
eleştiri	4 96 16 784 0.013604789526648623
kafa	4 96 16 784 0.013604789526648623
medya	7 93 28 772 0.013604789526648623
aklı	3 97 12 788 0.013604789526648621
bur	3 97 12 788 0.013604789526648621
büyü	5 95 20 780 0.013604789526648621
dergi	5 95 20 780 0.013604789526648621
söyleyen	6 94 24 776 0.013604789526648621
zirve	3 97 12 788 0.013604789526648621
proje	13 87 53 747 0.01339865635200243
sokak	8 92 33 767 0.013272965391852314
ortak	7 93 29 771 0.013226878706463939
teşekkür	5 95 21 779 0.01308152839100829
istedik	9 91 38 762 0.01302586231274868
ameliyat	4 96 17 783 0.012956942406332021
es	3 97 13 787 0.012754490181233083
getirdik	3 97 13 787 0.012754490181233083
hakan	3 97 13 787 0.012754490181233083
nun	9 91 39 761 0.012754490181233083
salon	7 93 31 769 0.012530727195597415
başarılı	9 91 40 760 0.012494194463248733
barış	4 96 18 782 0.012367990478771474
pay	4 96 18 782 0.012367990478771474
ar	5 95 23 777 0.01214713350593627
görüntü	5 95 23 777 0.01214713350593627
bak	8 92 37 763 0.012093146245909887
biraz	8 92 37 763 0.012093146245909887
tercih	8 92 37 763 0.012093146245909887
bil	6 94 28 772 0.012004226052925254
sürpriz	3 97 14 786 0.012004226052925254
yı	3 97 14 786 0.012004226052925254
geç	17 83 80 720 0.011921722781083844
git	12 88 57 743 0.01183025176230315
nere	4 96 19 781 0.01183025176230315
bey	5 95 24 776 0.011728266833317777
tan	5 95 24 776 0.011728266833317777
ev	18 82 87 713 0.011661248165698818
yıldız	8 92 39 761 0.011578544277998827
arka	5 95 25 775 0.011337324605540518
buluş	5 95 25 775 0.011337324605540518
nisa	3 97 15 785 0.011337324605540518
rekor	3 97 15 785 0.011337324605540518
soğuk	3 97 15 785 0.011337324605540518
vermek	5 95 25 775 0.011337324605540518
kadı	11 89 56 744 0.011168110805457824
yapma	17 83 87 713 0.011119299132357048
new	6 94 31 769 0.011030910427012396
boy	11 89 57 743 0.011003873881848151
in	22 78 115 685 0.01092355363453539
gittik	4 96 21 779 0.010883831621318897
ayak	6 94 32 768 0.01074062331051207
bırakma	3 97 16 784 0.01074062331051207
giden	3 97 16 784 0.01074062331051207
kadın	6 94 32 768 0.01074062331051207
mesele	3 97 16 784 0.01074062331051207
ün	11 89 59 741 0.010689477485223918
dair	6 94 33 767 0.010465222712806631
hayat	24 76 134 666 0.010332751539226801
benze	3 97 17 783 0.010203592144986466
is	3 97 17 783 0.010203592144986466
kayıt	3 97 17 783 0.010203592144986466
küçük	6 94 34 766 0.010203592144986466
oda	3 97 17 783 0.010203592144986466
of	3 97 17 783 0.010203592144986466
şehir	6 94 34 766 0.010203592144986466
aldık	19 81 109 691 0.010097304726809524
güneş	4 96 23 777 0.010077621871591572
yaşadık	9 91 52 748 0.010036320142609639
fatih	5 95 29 771 0.010003521710771046
almak	6 94 35 765 0.009954724043889236
doktor	6 94 35 765 0.009954724043889236
ada	14 86 83 717 0.009817889349127872
yaş	16 84 95 705 0.009805253712899907
adlı	7 93 42 758 0.009717706804749017
aç	8 92 48 752 0.009717706804749015
canlı	4 96 24 776 0.009717706804749015
dışarı	4 96 24 776 0.009717706804749015
eski	11 89 67 733 0.009593120820072746
genç	10 90 61 739 0.009580837694822973
saye	7 93 43 757 0.009523352668654035
tekrar	7 93 43 757 0.009523352668654035
geliş	5 95 31 769 0.0094477705046171
ekle	3 97 19 781 0.009275992859078605
sert	3 97 19 781 0.009275992859078605
yaşa	15 85 95 705 0.009275992859078605
yorum	3 97 19 781 0.009275992859078605
fark	8 92 51 749 0.009223586119761778
ilişki	18 82 115 685 0.009206248551867488
yok	18 82 115 685 0.009206248551867488
birinci	5 95 32 768 0.009192425355843664
nde	5 95 32 768 0.009192425355843664
iste	17 83 109 691 0.009177834204485182
aile	9 91 58 742 0.009137545204465492
yap	18 82 116 684 0.009137545204465492
yaz	9 91 58 742 0.009137545204465492
dakika	4 96 26 774 0.009069859684432415
dön	4 96 26 774 0.009069859684432415
sor	7 93 46 754 0.008984294970428335
düş	10 90 66 734 0.008950519425426726
taraf	5 95 33 767 0.008950519425426726
doğal	3 97 20 780 0.008872688821727362
zafer	3 97 20 780 0.008872688821727362
düşün	7 93 47 753 0.008817919137642625
dönem	19 81 128 672 0.008792210918582443
dün	8 92 54 746 0.008777283565579757
kuzey	4 96 27 773 0.008777283565579757
yaptık	5 95 34 766 0.00872101892733886
müzik	7 93 48 752 0.008657593335140032
gündem	8 92 55 745 0.008637961604221348
zaman	26 74 179 621 0.008627427504704004
iyi	21 79 145 655 0.008605439158422322
ad	16 84 111 689 0.008569946158518818
değiş	6 94 42 758 0.008502993454155389
geçme	3 97 21 779 0.008502993454155389
kal	10 90 70 730 0.008502993454155389
ulaşma	3 97 21 779 0.008502993454155389
uz	11 89 77 723 0.008502993454155389
etki	9 91 63 737 0.008502993454155387
anlat	9 91 64 736 0.008386514091769697
at	6 94 43 757 0.008329462975499156
nin	17 83 122 678 0.0083194756098211
belli	4 96 29 771 0.00824532698584765
güney	4 96 29 771 0.00824532698584765
oyun	4 96 29 771 0.00824532698584765
öğrenci	4 96 29 771 0.00824532698584765
yen	30 70 219 581 0.008195656341354591
nda	6 94 44 756 0.008162873715989174
gün	35 65 257 543 0.008153555366998317
soru	14 86 103 697 0.00813961766551627
ali	5 95 37 763 0.008098089003957512
ileri	7 93 52 748 0.008070637854791556
oy	7 93 52 748 0.008070637854791556
iş	20 80 149 651 0.008050171317543563
baskı	4 96 30 770 0.008002817368616837
konuşan	5 95 38 762 0.007909761352702688
sebep	5 95 38 762 0.007909761352702688
farklı	12 88 92 708 0.007848917034604974
üçüncü	3 97 23 777 0.007848917034604974
açıkla	7 93 54 746 0.0078060267775852754
ettik	4 96 31 769 0.007774165443799213
gördük	4 96 31 769 0.007774165443799213
performans	4 96 31 769 0.007774165443799213
çocuk	12 88 94 706 0.007700824260367144
insan	16 84 127 673 0.007611071063859369
gel	26 74 208 592 0.007558216403693679
başla	14 86 113 687 0.007498702888703965
ol	24 76 196 604 0.007420794287262884
açı	5 95 41 759 0.007393907351439469
yoğ	5 95 41 759 0.007393907351439469
kadro	4 96 33 767 0.007353940284674931
olabil	8 92 66 734 0.007353940284674931
çalıştık	4 96 33 767 0.007353940284674931
ödül	4 96 33 767 0.007353940284674931
saat	10 90 83 717 0.007314402971316463
beyaz	3 97 25 775 0.007288280103561762
fikir	3 97 25 775 0.007288280103561762
kilo	3 97 25 775 0.007288280103561762
sabah	3 97 25 775 0.007288280103561762
et	20 80 168 632 0.007236590173749267
sıra	10 90 84 716 0.007236590173749267
karar	9 91 76 724 0.007202535631755152
kötü	4 96 34 766 0.00716041554034138
veren	8 92 68 732 0.00716041554034138
al	27 73 231 569 0.007118785217432419
dek	5 95 43 757 0.007085827878462824
haber	11 89 95 705 0.0070590889053365495
emir	3 97 26 774 0.007036960099990666
geçmiş	3 97 26 774 0.007036960099990666
tamamen	3 97 26 774 0.007036960099990666
amacı	7 93 61 739 0.007002465197539732
ikinci	8 92 70 730 0.006976815141871089
doğru	8 92 72 728 0.0068023947633243115
ses	4 96 36 764 0.0068023947633243115
hafta	5 95 45 755 0.006802394763324311
katıldık	3 97 27 773 0.006802394763324311
çıkış	3 97 27 773 0.006802394763324311
an	17 83 155 645 0.006723297149797284
görme	3 97 28 772 0.006582962674184817
hazırlan	3 97 28 772 0.006582962674184817
yan	8 92 75 725 0.006556525073083673
katıl	5 95 47 753 0.006540764195504145
telefon	5 95 47 753 0.006540764195504145
duru	12 88 113 687 0.006530298972791338
gerek	10 90 95 705 0.0064784712031660105
hemen	4 96 38 762 0.0064784712031660105
zor	9 91 86 714 0.006444373986307241
haf	8 92 77 723 0.006402253894893469
başarı	6 94 58 742 0.006377245090616541
dan	6 94 58 742 0.006377245090616541
isteyen	3 97 29 771 0.006377245090616541
lazım	3 97 29 771 0.006377245090616541
oluş	3 97 29 771 0.006377245090616541
teklif	3 97 29 771 0.006377245090616541
bekle	4 96 39 761 0.00632780908216215
güç	8 92 78 722 0.00632780908216215
polis	4 96 39 761 0.00632780908216215
tl	4 96 39 761 0.00632780908216215
iç	12 88 119 681 0.006231201309915399
bura	3 97 30 770 0.006183995239385737
fakülte	3 97 30 770 0.006183995239385737
hastane	5 95 50 750 0.006183995239385737
kaybet	3 97 30 770 0.006183995239385737
operasyon	3 97 30 770 0.006183995239385737
sosyal	7 93 70 730 0.006183995239385737
tek	11 89 110 690 0.006183995239385737
ulaş	3 97 30 770 0.006183995239385737
önem	4 96 40 760 0.006183995239385737
olduk	10 90 102 698 0.006073566752968135
veril	5 95 51 749 0.006073566752968135
mümkün	4 96 41 759 0.0060465731229549435
plan	4 96 41 759 0.0060465731229549435
verme	8 92 82 718 0.0060465731229549435
gerçek	7 93 72 728 0.006027438397882301
göz	7 93 72 728 0.006027438397882301
etmek	6 94 62 738 0.006002113026462627
isim	6 94 62 738 0.006002113026462627
üzeri	23 77 238 562 0.005994447492584642
çık	14 86 145 655 0.005989529980285557
birlik	15 85 159 641 0.0058641334166588885
koy	5 95 53 747 0.0058641334166588885
ver	18 82 191 609 0.005858521805733856
diyerek	3 97 32 768 0.005830624082849409
inan	3 97 32 768 0.005830624082849409
model	3 97 32 768 0.005830624082849409
çöz	3 97 32 768 0.005830624082849409
özel	9 91 96 704 0.005830624082849409
ın	10 90 107 693 0.005814012618225907
anlam	5 95 54 746 0.005764741324851111
mesaj	5 95 54 746 0.005764741324851111
iddia	7 93 76 724 0.005736959438948214
yak	10 90 109 691 0.0057162981204405975
milyon	11 89 120 680 0.005711934534089117
birbiri	3 97 33 767 0.005668662302770259
kalp	3 97 33 767 0.005668662302770259
süre	4 96 44 756 0.005668662302770259
tıp	4 96 44 756 0.005668662302770259
çıkan	8 92 88 712 0.005668662302770259
olma	15 85 166 634 0.00563734372651186
ye	22 78 246 554 0.005584055402728912
değişiklik	4 96 45 755 0.005552975316999438
söz	12 88 135 665 0.005552975316999437
alan	19 81 215 585 0.0055233119873146115
isimli	3 97 34 766 0.005515455213506198
gelen	14 86 160 640 0.00547319118888163
ay	17 83 195 605 0.005454750517760061
okul	4 96 46 754 0.005441915810659449
getir	9 91 104 696 0.005417836537160955
hızlı	3 97 35 765 0.005370311655256035
kalan	3 97 35 765 0.005370311655256035
sıkıntı	3 97 35 765 0.005370311655256035
türk	11 89 129 671 0.005344738742611959
hedef	4 96 47 753 0.005335211579077891
yapan	8 92 94 706 0.005335211579077891
hal	15 85 180 620 0.0052326113564033164
gazeteci	3 97 36 764 0.005232611356403316
sır	6 94 72 728 0.005232611356403316
ayn	11 89 134 666 0.0051604374066598225
ilgi	5 95 61 739 0.005153329366154781
dikkat	12 88 148 652 0.005101796072493233
diyen	3 97 37 763 0.005101796072493233
başladık	4 96 50 750 0.005038810935795786
tedavi	4 96 50 750 0.005038810935795786
bul	9 91 113 687 0.0050181600713048195
açık	5 95 63 737 0.005001760855385523
kaldık	3 97 38 762 0.004977362021944618
bas	7 93 89 711 0.004960079514923977
nın	7 93 89 711 0.004960079514923977
güçlü	4 96 51 749 0.00494719619150859
hastalık	4 96 51 749 0.00494719619150859
nokta	5 95 64 736 0.004929271567626312
baş	12 88 156 644 0.004858853402374508
el	15 85 195 605 0.004858853402374508
hak	12 88 156 644 0.004858853402374508
mehmet	4 96 52 748 0.004858853402374508
ara	22 78 287 513 0.00484312895770663
ilk	16 84 210 590 0.004815854699698628
sür	9 91 120 680 0.004745856811621612
karşı	10 90 134 666 0.00472388525230855
dahil	3 97 41 759 0.004637996429539303
dönüş	3 97 41 759 0.004637996429539303
yıl	26 74 362 438 0.00455830576923794
yer	11 89 154 646 0.004534929842216207
spor	4 96 57 743 0.004460586730048729
verdik	7 93 100 700 0.004450164798436466
geçen	9 91 129 671 0.004436344410863681
hasta	3 97 43 757 0.004436344410863681
iz	3 97 43 757 0.004436344410863681
etme	8 92 115 685 0.004424321797284105
para	4 96 58 742 0.0043886417827898785
alma	7 93 102 698 0.004368510398465154
ekip	7 93 103 697 0.004328796667570016
söyle	15 85 221 579 0.004323555993638333
tür	3 97 45 755 0.0042514967270776945
deva	13 87 198 602 0.0041910489063135565
olmadık	4 96 61 739 0.004186089085122653
büyük	15 85 229 571 0.004181800059420683
konu	16 84 246 554 0.0041541342066102665
kar	5 95 78 722 0.004097828170677296
bugün	8 92 128 672 0.004001408684308419
doğu	3 97 48 752 0.004001408684308418
yeni	5 95 80 720 0.004001408684308418
faz	8 92 129 671 0.003972201321649233
orta	11 89 182 618 0.0038770125594076387
kişi	12 88 200 600 0.003850412130183572
kıs	3 97 50 750 0.003850412130183572
dünya	12 88 205 595 0.003761692956677038
önemli	11 89 188 612 0.003760117708370222
geri	4 96 69 731 0.003727339596342088
sorun	3 97 52 748 0.003710397143631442
ciddi	3 97 54 746 0.00358020777017069
olacak	4 96 72 728 0.00358020777017069
yıllık	3 97 54 746 0.00358020777017069
örnek	3 97 55 745 0.003518480049995333
özellik	6 94 110 690 0.003518480049995333
dil	7 93 133 667 0.0034011973816621558
internet	3 97 57 743 0.0034011973816621553
halk	4 96 77 723 0.003359207290530524
dış	6 94 116 684 0.003345440047536546
kabul	3 97 58 742 0.003345440047536546
yar	4 96 78 722 0.0033182413479630785
art	9 91 176 624 0.0033092731281037188
türkiye	14 86 274 526 0.0033067196766159847
yapı	3 97 59 741 0.0032914813370924084
çeken	3 97 59 741 0.0032914813370924084
ülke	10 90 199 601 0.003254734336518809
destek	4 96 80 720 0.0032392356015830052
gelme	3 97 60 740 0.0032392356015830052
takip	3 97 60 740 0.0032392356015830052
kas	5 95 101 699 0.0032086767751529767
başka	13 87 264 536 0.0031924596362171856
teknik	3 97 62 738 0.0031395668138419898
çıkma	3 97 62 738 0.0031395668138419898
açıklama	10 90 214 586 0.0030367833764840674
konuş	8 92 180 620 0.0028946360694997067
olay	4 96 90 710 0.0028946360694997067
ait	3 97 68 732 0.0028742513084468917
bulunduk	5 95 114 686 0.0028581490602202987
tak	3 97 69 731 0.0028343311513851295
sağlık	4 96 93 707 0.0028051112426079636
alt	6 94 140 660 0.002795504697256566
çalışma	7 93 170 630 0.002690212618263852
kur	3 97 75 725 0.002616305678201658
yol	6 94 153 647 0.0025669414201223814
şekil	5 95 128 672 0.0025572912644076357
istanbul	5 95 132 668 0.0024826258260307703
sahip	5 95 133 667 0.002464635783813156
gerektik	3 97 81 719 0.002429426701187254
durum	3 97 82 718 0.0024008452105850507
üniversite	3 97 84 716 0.0023456533666635555
geldik	3 97 85 715 0.0023189982147696513
ek	3 97 86 714 0.0022929420550531383
yük	3 97 86 714 0.0022929420550531383
yapıl	4 96 117 683 0.0022487255415948137
bulunan	4 96 118 682 0.0022302933650243644
devlet	3 97 93 707 0.0021257483635388472
tarih	4 96 129 671 0.0020458330115261086
grup	3 97 112 688 0.0017745377643454724
sayı	3 97 123 677 0.0016196178007915026
belirt	3 97 126 674 0.0015819522705405374
genel	4 96 179 621 0.0014868622433495762
bilgi	3 97 151 649 0.0013251418370112294
sonuç	3 97 151 649 0.0013251418370112294
