eyalet=18/53	0.18	9	0.3955004	0.0
cumhuriyetçi=16/37	0.16	9	0.3515559	0.0
oba=25/136	0.25	4	0.3465736	0.0
barack=23/38	0.23	4	0.3188477	0.0
muhalif=14/33	0.14	9	0.3076114	0.0
romney=14/97	0.14	9	0.3076114	0.0
suriye=28/114	0.28	3	0.3076114	0.0
bomba=12/13	0.12	9	0.2636669	0.0
seçim=24/69	0.24	3	0.2636669	0.0
esad=11/32	0.11	9	0.2416947	0.0
seçi=22/84	0.22	3	0.2416947	0.0
demokrat=10/22	0.1	9	0.2197225	0.0
mitt=10/18	0.1	9	0.2197225	0.0
saldırı=20/31	0.2	3	0.2197225	0.0
dışişleri=15/32	0.15	4	0.2079442	0.0
seçmen=9/15	0.09	9	0.1977502	0.0
suriyeli=9/19	0.09	9	0.1977502	0.0
ajansı=14/19	0.14	4	0.1940812	0.0
obama=13/71	0.13	4	0.1802183	0.0
washington=8/13	0.08	9	0.175778	0.0
şa=8/9	0.08	9	0.175778	0.0
silahlı=12/12	0.12	4	0.1663553	0.0
florida=7/10	0.07	9	0.1538057	0.0
nato=7/22	0.07	9	0.1538057	0.0
başkent=22/29	0.22	2	0.1524924	0.0
muhalefet=10/19	0.1	4	0.1386294	0.0
amerikan=12/24	0.12	3	0.1318335	0.0
beşar=6/12	0.06	9	0.1318335	0.0
destekleyen=6/8	0.06	9	0.1318335	0.0
general=6/16	0.06	9	0.1318335	0.0
israil=6/19	0.06	9	0.1318335	0.0
istihbarat=6/13	0.06	9	0.1318335	0.0
ohio=6/17	0.06	9	0.1318335	0.0
ordu=12/25	0.12	3	0.1318335	0.0
söylen=6/6	0.06	9	0.1318335	0.0
öldük=6/8	0.06	9	0.1318335	0.0
üssü=6/9	0.06	9	0.1318335	0.0
gizli=9/17	0.09	4	0.1247665	0.0
çatışma=11/17	0.11	3	0.1208474	0.0
arap=8/13	0.08	4	0.1109035	0.0
duyur=8/9	0.08	4	0.1109035	0.0
iran=8/20	0.08	4	0.1109035	0.0
afp=5/5	0.05	9	0.1098612	0.0
cameron=5/10	0.05	9	0.1098612	0.0
davutoğlu=5/22	0.05	9	0.1098612	0.0
hollande=5/13	0.05	9	0.1098612	0.0
kaide=5/5	0.05	9	0.1098612	0.0
katar=5/10	0.05	9	0.1098612	0.0
keşif=5/6	0.05	9	0.1098612	0.0
merkür=5/24	0.05	9	0.1098612	0.0
moskova=5/6	0.05	9	0.1098612	0.0
mısır=5/8	0.05	9	0.1098612	0.0
senato=5/15	0.05	9	0.1098612	0.0
söyleyerek=5/5	0.05	9	0.1098612	0.0
times=5/5	0.05	9	0.1098612	0.0
virginia=5/9	0.05	9	0.1098612	0.0
yu=5/7	0.05	9	0.1098612	0.0
ürdün=5/6	0.05	9	0.1098612	0.0
başbakan=15/43	0.15	2	0.1039721	0.0
parti=15/31	0.15	2	0.1039721	0.0
anket=9/21	0.09	3	0.0988751	0.0
david=9/10	0.09	3	0.0988751	0.0
siyasi=9/12	0.09	3	0.0988751	0.0
öl=9/10	0.09	3	0.0988751	0.0
hürriyet=7/14	0.07	4	0.0970406	0.0
reji=7/9	0.07	4	0.0970406	0.0
uçak=7/22	0.07	4	0.0970406	0.0
zafer=13/25	0.13	2	0.0901091	0.0
almadık=4/6	0.04	9	0.087889	0.0
anders=4/4	0.04	9	0.087889	0.0
asılsız=4/4	0.04	9	0.087889	0.0
başaran=4/5	0.04	9	0.087889	0.0
beden=4/4	0.04	9	0.087889	0.0
birleşik=4/4	0.04	9	0.087889	0.0
bm=4/6	0.04	9	0.087889	0.0
boston=4/5	0.04	9	0.087889	0.0
bush=4/6	0.04	9	0.087889	0.0
chicago=4/13	0.04	9	0.087889	0.0
colorado=4/8	0.04	9	0.087889	0.0
engelleme=4/4	0.04	9	0.087889	0.0
evli=4/5	0.04	9	0.087889	0.0
fogh=4/4	0.04	9	0.087889	0.0
françois=4/4	0.04	9	0.087889	0.0
füze=4/13	0.04	9	0.087889	0.0
gökyüzü=4/6	0.04	9	0.087889	0.0
haki=4/7	0.04	9	0.087889	0.0
hampshire=4/5	0.04	9	0.087889	0.0
ihtimal=8/10	0.08	3	0.087889	0.0
isabet=4/7	0.04	9	0.087889	0.0
işadamı=4/4	0.04	9	0.087889	0.0
jersey=4/6	0.04	9	0.087889	0.0
kargo=4/9	0.04	9	0.087889	0.0
kaybettik=8/10	0.08	3	0.087889	0.0
kazanacak=4/4	0.04	9	0.087889	0.0
kolombiya=4/6	0.04	9	0.087889	0.0
kurduk=4/4	0.04	9	0.087889	0.0
meclis=8/12	0.08	3	0.087889	0.0
militan=4/4	0.04	9	0.087889	0.0
muhammed=4/4	0.04	9	0.087889	0.0
pennsylvania=4/7	0.04	9	0.087889	0.0
peter=4/4	0.04	9	0.087889	0.0
rasmussen=4/19	0.04	9	0.087889	0.0
reklam=4/17	0.04	9	0.087889	0.0
riyad=4/8	0.04	9	0.087889	0.0
sergey=4/5	0.04	9	0.087889	0.0
seçilme=8/16	0.08	3	0.087889	0.0
suikast=4/6	0.04	9	0.087889	0.0
sürül=4/5	0.04	9	0.087889	0.0
taki=4/4	0.04	9	0.087889	0.0
tebrik=4/22	0.04	9	0.087889	0.0
yaralandık=4/4	0.04	9	0.087889	0.0
yargılan=4/5	0.04	9	0.087889	0.0
yerleştirilen=4/6	0.04	9	0.087889	0.0
öfke=4/4	0.04	9	0.087889	0.0
öldürdük=4/4	0.04	9	0.087889	0.0
ıowa=4/7	0.04	9	0.087889	0.0
daki=12/14	0.12	2	0.0831777	0.0
parlamento=6/7	0.06	4	0.0831777	0.0
saray=6/8	0.06	4	0.0831777	0.0
sekreter=6/8	0.06	4	0.0831777	0.0
seçilen=6/14	0.06	4	0.0831777	0.0
yarat=6/6	0.06	4	0.0831777	0.0
fransa=7/23	0.07	3	0.0769029	0.0
sandy=7/20	0.07	3	0.0769029	0.0
sağ=7/10	0.07	3	0.0769029	0.0
tv=7/8	0.07	3	0.0769029	0.0
yarış=7/19	0.07	3	0.0769029	0.0
ölüm=7/7	0.07	3	0.0769029	0.0
şiddet=7/10	0.07	3	0.0769029	0.0
savaş=11/19	0.11	2	0.0762462	0.0
dost=5/5	0.05	4	0.0693147	0.0
düzenledik=10/11	0.1	2	0.0693147	0.0
facebook=5/5	0.05	4	0.0693147	0.0
foto=5/5	0.05	4	0.0693147	0.0
fransız=5/12	0.05	4	0.0693147	0.0
kilometre=5/6	0.05	4	0.0693147	0.0
konsey=5/5	0.05	4	0.0693147	0.0
kriz=10/17	0.1	2	0.0693147	0.0
lider=10/18	0.1	2	0.0693147	0.0
paylaşım=5/5	0.05	4	0.0693147	0.0
sandık=5/12	0.05	4	0.0693147	0.0
afganistan=3/6	0.03	9	0.0659167	0.0
ahmed=3/3	0.03	9	0.0659167	0.0
ajan=3/4	0.03	9	0.0659167	0.0
alaska=3/3	0.03	9	0.0659167	0.0
ann=3/3	0.03	9	0.0659167	0.0
avukat=6/8	0.06	3	0.0659167	0.0
ayrılacak=3/4	0.03	9	0.0659167	0.0
azınlık=3/3	0.03	9	0.0659167	0.0
açıkça=3/3	0.03	9	0.0659167	0.0
bağlam=3/4	0.03	9	0.0659167	0.0
başarısız=3/3	0.03	9	0.0659167	0.0
bel=3/3	0.03	9	0.0659167	0.0
bildirdik=3/3	0.03	9	0.0659167	0.0
bombalama=3/5	0.03	9	0.0659167	0.0
brüksel=3/4	0.03	9	0.0659167	0.0
california=3/8	0.03	9	0.0659167	0.0
carolina=3/6	0.03	9	0.0659167	0.0
cephe=3/3	0.03	9	0.0659167	0.0
clinton=3/7	0.03	9	0.0659167	0.0
cumhurbaşkan=6/17	0.06	3	0.0659167	0.0
dc=3/4	0.03	9	0.0659167	0.0
der=3/5	0.03	9	0.0659167	0.0
destekçi=3/3	0.03	9	0.0659167	0.0
değiştir=3/3	0.03	9	0.0659167	0.0
dna=3/3	0.03	9	0.0659167	0.0
doha=3/4	0.03	9	0.0659167	0.0
doğrula=3/3	0.03	9	0.0659167	0.0
durdurma=3/3	0.03	9	0.0659167	0.0
edebilmek=3/4	0.03	9	0.0659167	0.0
emel=3/3	0.03	9	0.0659167	0.0
fars=3/3	0.03	9	0.0659167	0.0
gezegen=3/12	0.03	9	0.0659167	0.0
geçmek=3/3	0.03	9	0.0659167	0.0
görevli=6/7	0.06	3	0.0659167	0.0
görün=6/7	0.06	3	0.0659167	0.0
görünce=3/3	0.03	9	0.0659167	0.0
görüştük=3/3	0.03	9	0.0659167	0.0
hapis=6/11	0.06	3	0.0659167	0.0
hicab=3/18	0.03	9	0.0659167	0.0
ilgilendiren=3/3	0.03	9	0.0659167	0.0
isyancı=3/11	0.03	9	0.0659167	0.0
iyice=3/3	0.03	9	0.0659167	0.0
kahir=3/4	0.03	9	0.0659167	0.0
kesinleşme=3/3	0.03	9	0.0659167	0.0
korkunç=3/3	0.03	9	0.0659167	0.0
kır=3/5	0.03	9	0.0659167	0.0
lavrov=3/16	0.03	9	0.0659167	0.0
mahkum=3/5	0.03	9	0.0659167	0.0
massachusetts=3/5	0.03	9	0.0659167	0.0
mermi=3/3	0.03	9	0.0659167	0.0
missouri=3/4	0.03	9	0.0659167	0.0
muhafazakar=3/3	0.03	9	0.0659167	0.0
mülteci=3/4	0.03	9	0.0659167	0.0
müslüman=3/3	0.03	9	0.0659167	0.0
müttefik=3/5	0.03	9	0.0659167	0.0
müzakere=3/3	0.03	9	0.0659167	0.0
okyanus=3/3	0.03	9	0.0659167	0.0
patriot=3/11	0.03	9	0.0659167	0.0
post=3/4	0.03	9	0.0659167	0.0
prensip=3/3	0.03	9	0.0659167	0.0
rusya=6/25	0.06	3	0.0659167	0.0
sayılan=3/3	0.03	9	0.0659167	0.0
sağlama=6/6	0.06	3	0.0659167	0.0
sivil=6/8	0.06	3	0.0659167	0.0
skandal=3/5	0.03	9	0.0659167	0.0
street=3/6	0.03	9	0.0659167	0.0
sığınma=3/3	0.03	9	0.0659167	0.0
sığınmacı=3/6	0.03	9	0.0659167	0.0
taahhüt=3/4	0.03	9	0.0659167	0.0
taktik=3/5	0.03	9	0.0659167	0.0
tartışmalı=3/4	0.03	9	0.0659167	0.0
tedarik=3/3	0.03	9	0.0659167	0.0
tesis=3/3	0.03	9	0.0659167	0.0
teşkil=3/3	0.03	9	0.0659167	0.0
türkler=3/7	0.03	9	0.0659167	0.0
uçuş=3/3	0.03	9	0.0659167	0.0
william=3/4	0.03	9	0.0659167	0.0
wisconsin=3/7	0.03	9	0.0659167	0.0
yaka=3/5	0.03	9	0.0659167	0.0
yakıt=3/5	0.03	9	0.0659167	0.0
zengin=3/3	0.03	9	0.0659167	0.0
çıkabil=3/3	0.03	9	0.0659167	0.0
çıplak=3/5	0.03	9	0.0659167	0.0
öldürüldük=3/4	0.03	9	0.0659167	0.0
önlemek=3/3	0.03	9	0.0659167	0.0
ötesi=3/3	0.03	9	0.0659167	0.0
üstesinden=3/3	0.03	9	0.0659167	0.0
ındiana=3/10	0.03	9	0.0659167	0.0
mahkeme=9/17	0.09	2	0.0623832	0.0
york=9/15	0.09	2	0.0623832	0.0
almanya=8/16	0.08	2	0.0554518	0.0
anla=4/4	0.04	4	0.0554518	0.0
açılan=4/5	0.04	4	0.0554518	0.0
aşk=8/8	0.08	2	0.0554518	0.0
bahar=4/4	0.04	4	0.0554518	0.0
dostluk=4/5	0.04	4	0.0554518	0.0
galip=4/7	0.04	4	0.0554518	0.0
gönder=4/4	0.04	4	0.0554518	0.0
ikna=4/7	0.04	4	0.0554518	0.0
islam=4/6	0.04	4	0.0554518	0.0
içiş=4/4	0.04	4	0.0554518	0.0
kavuş=4/4	0.04	4	0.0554518	0.0
komite=4/7	0.04	4	0.0554518	0.0
kullanma=8/10	0.08	2	0.0554518	0.0
kuvvet=4/9	0.04	4	0.0554518	0.0
mal=4/4	0.04	4	0.0554518	0.0
mesele=8/11	0.08	2	0.0554518	0.0
nükleer=4/4	0.04	4	0.0554518	0.0
rus=4/5	0.04	4	0.0554518	0.0
sık=4/8	0.04	4	0.0554518	0.0
toprak=4/5	0.04	4	0.0554518	0.0
vaka=4/4	0.04	4	0.0554518	0.0
vuran=4/4	0.04	4	0.0554518	0.0
web=8/8	0.08	2	0.0554518	0.0
yayımlanan=4/4	0.04	4	0.0554518	0.0
çekilme=4/4	0.04	4	0.0554518	0.0
öldürme=4/5	0.04	4	0.0554518	0.0
öt=4/4	0.04	4	0.0554518	0.0
ağırlık=5/6	0.05	3	0.0549306	0.0
etkile=5/5	0.05	3	0.0549306	0.0
fırsat=5/5	0.05	3	0.0549306	0.0
galeri=5/5	0.05	3	0.0549306	0.0
hazırlanan=5/5	0.05	3	0.0549306	0.0
izleyen=5/9	0.05	3	0.0549306	0.0
mensup=5/6	0.05	3	0.0549306	0.0
normal=5/5	0.05	3	0.0549306	0.0
oturma=5/5	0.05	3	0.0549306	0.0
peki=5/7	0.05	3	0.0549306	0.0
serbest=5/5	0.05	3	0.0549306	0.0
söyledik=5/6	0.05	3	0.0549306	0.0
sürdük=5/5	0.05	3	0.0549306	0.0
yayınlanan=5/5	0.05	3	0.0549306	0.0
çağrı=5/5	0.05	3	0.0549306	0.0
ırak=5/17	0.05	3	0.0549306	0.0
kazanma=7/10	0.07	2	0.0485203	0.0
kongre=7/17	0.07	2	0.0485203	0.0
yı=7/9	0.07	2	0.0485203	0.0
açıl=4/5	0.04	3	0.0439445	0.0
bilinen=4/4	0.04	3	0.0439445	0.0
cesaret=4/4	0.04	3	0.0439445	0.0
dav=4/11	0.04	3	0.0439445	0.0
diz=4/4	0.04	3	0.0439445	0.0
dolu=4/4	0.04	3	0.0439445	0.0
edeme=4/5	0.04	3	0.0439445	0.0
gösteri=4/6	0.04	3	0.0439445	0.0
hükümet=4/4	0.04	3	0.0439445	0.0
ilan=4/4	0.04	3	0.0439445	0.0
izle=4/12	0.04	3	0.0439445	0.0
izleme=4/4	0.04	3	0.0439445	0.0
kale=4/4	0.04	3	0.0439445	0.0
kamera=4/10	0.04	3	0.0439445	0.0
kan=4/13	0.04	3	0.0439445	0.0
kapı=4/5	0.04	3	0.0439445	0.0
kasırga=4/8	0.04	3	0.0439445	0.0
kolayca=4/4	0.04	3	0.0439445	0.0
koltuk=4/9	0.04	3	0.0439445	0.0
komşu=4/4	0.04	3	0.0439445	0.0
mahalle=4/4	0.04	3	0.0439445	0.0
mali=4/5	0.04	3	0.0439445	0.0
milletvekil=4/6	0.04	3	0.0439445	0.0
sağlamak=4/4	0.04	3	0.0439445	0.0
seçme=4/10	0.04	3	0.0439445	0.0
söylüyor=4/5	0.04	3	0.0439445	0.0
terör=4/6	0.04	3	0.0439445	0.0
unsur=4/5	0.04	3	0.0439445	0.0
verici=4/5	0.04	3	0.0439445	0.0
yargı=4/6	0.04	3	0.0439445	0.0
yürüttük=4/4	0.04	3	0.0439445	0.0
adalet=6/8	0.06	2	0.0415888	0.0
avusturya=3/5	0.03	4	0.0415888	0.0
açıldık=3/3	0.03	4	0.0415888	0.0
belirle=6/10	0.06	2	0.0415888	0.0
bombalı=3/3	0.03	4	0.0415888	0.0
dayanışma=3/3	0.03	4	0.0415888	0.0
delege=3/11	0.03	4	0.0415888	0.0
demokrasi=3/8	0.03	4	0.0415888	0.0
deney=3/4	0.03	4	0.0415888	0.0
detay=3/41	0.03	4	0.0415888	0.0
dolandırıcılık=3/9	0.03	4	0.0415888	0.0
durma=3/3	0.03	4	0.0415888	0.0
dönen=3/3	0.03	4	0.0415888	0.0
düşme=6/7	0.06	2	0.0415888	0.0
esna=3/3	0.03	4	0.0415888	0.0
filistin=3/15	0.03	4	0.0415888	0.0
geçiril=3/3	0.03	4	0.0415888	0.0
gönderil=3/4	0.03	4	0.0415888	0.0
gönüllü=3/15	0.03	4	0.0415888	0.0
hapishane=3/3	0.03	4	0.0415888	0.0
hesap=6/6	0.06	2	0.0415888	0.0
iktidar=3/5	0.03	4	0.0415888	0.0
insani=3/8	0.03	4	0.0415888	0.0
isyan=3/7	0.03	4	0.0415888	0.0
karşılaş=3/3	0.03	4	0.0415888	0.0
katılı=3/6	0.03	4	0.0415888	0.0
konut=3/5	0.03	4	0.0415888	0.0
koruma=3/5	0.03	4	0.0415888	0.0
korumak=3/5	0.03	4	0.0415888	0.0
koruyucu=3/3	0.03	4	0.0415888	0.0
kurtar=3/3	0.03	4	0.0415888	0.0
kutla=3/8	0.03	4	0.0415888	0.0
köşe=3/3	0.03	4	0.0415888	0.0
kıyı=3/3	0.03	4	0.0415888	0.0
na=6/7	0.06	2	0.0415888	0.0
nefes=3/3	0.03	4	0.0415888	0.0
numara=3/5	0.03	4	0.0415888	0.0
patlama=3/6	0.03	4	0.0415888	0.0
politika=6/12	0.06	2	0.0415888	0.0
radikal=3/5	0.03	4	0.0415888	0.0
rakip=6/11	0.06	2	0.0415888	0.0
rejim=3/4	0.03	4	0.0415888	0.0
röportaj=3/3	0.03	4	0.0415888	0.0
sahil=3/5	0.03	4	0.0415888	0.0
sol=3/4	0.03	4	0.0415888	0.0
sorumlu=6/6	0.06	2	0.0415888	0.0
soruşturma=6/9	0.06	2	0.0415888	0.0
ta=6/6	0.06	2	0.0415888	0.0
talimat=3/3	0.03	4	0.0415888	0.0
tanıma=3/5	0.03	4	0.0415888	0.0
tsi=3/5	0.03	4	0.0415888	0.0
twitter=6/8	0.06	2	0.0415888	0.0
uzak=6/7	0.06	2	0.0415888	0.0
vali=3/3	0.03	4	0.0415888	0.0
yakalan=3/3	0.03	4	0.0415888	0.0
yazan=3/3	0.03	4	0.0415888	0.0
yağ=3/5	0.03	4	0.0415888	0.0
yaşama=3/3	0.03	4	0.0415888	0.0
yukarı=3/3	0.03	4	0.0415888	0.0
çoğunluk=6/13	0.06	2	0.0415888	0.0
çıkacak=3/3	0.03	4	0.0415888	0.0
özgürlük=3/5	0.03	4	0.0415888	0.0
şili=3/5	0.03	4	0.0415888	0.0
aracı=5/8	0.05	2	0.0346574	0.0
başkan=5/6	0.05	2	0.0346574	0.0
dur=5/5	0.05	2	0.0346574	0.0
ekonomik=5/10	0.05	2	0.0346574	0.0
girdik=5/6	0.05	2	0.0346574	0.0
kasım=5/7	0.05	2	0.0346574	0.0
müdahale=5/7	0.05	2	0.0346574	0.0
siyah=5/5	0.05	2	0.0346574	0.0
türlü=5/5	0.05	2	0.0346574	0.0
yabancı=5/5	0.05	2	0.0346574	0.0
öğrenil=5/5	0.05	2	0.0346574	0.0
alman=3/3	0.03	3	0.0329584	0.0
aracılık=3/3	0.03	3	0.0329584	0.0
arama=3/3	0.03	3	0.0329584	0.0
atma=3/3	0.03	3	0.0329584	0.0
açtık=3/3	0.03	3	0.0329584	0.0
bağımsız=3/3	0.03	3	0.0329584	0.0
başlayacak=3/3	0.03	3	0.0329584	0.0
bilgisayar=3/3	0.03	3	0.0329584	0.0
bina=3/3	0.03	3	0.0329584	0.0
bırak=3/4	0.03	3	0.0329584	0.0
denil=3/3	0.03	3	0.0329584	0.0
destekledik=3/3	0.03	3	0.0329584	0.0
değerlendir=3/3	0.03	3	0.0329584	0.0
düşünül=3/3	0.03	3	0.0329584	0.0
em=3/3	0.03	3	0.0329584	0.0
evlilik=3/11	0.03	3	0.0329584	0.0
gerçekleşen=3/3	0.03	3	0.0329584	0.0
hatırlat=3/3	0.03	3	0.0329584	0.0
ihlal=3/3	0.03	3	0.0329584	0.0
ince=3/3	0.03	3	0.0329584	0.0
içeren=3/3	0.03	3	0.0329584	0.0
kamp=3/13	0.03	3	0.0329584	0.0
karanlık=3/3	0.03	3	0.0329584	0.0
kişisel=3/5	0.03	3	0.0329584	0.0
konser=3/17	0.03	3	0.0329584	0.0
kor=3/3	0.03	3	0.0329584	0.0
korku=3/6	0.03	3	0.0329584	0.0
kullanılma=3/3	0.03	3	0.0329584	0.0
londra=3/6	0.03	3	0.0329584	0.0
masum=3/3	0.03	3	0.0329584	0.0
olumlu=3/4	0.03	3	0.0329584	0.0
ortadoğu=3/5	0.03	3	0.0329584	0.0
otomobil=3/3	0.03	3	0.0329584	0.0
paris=3/7	0.03	3	0.0329584	0.0
söyleme=3/3	0.03	3	0.0329584	0.0
terörist=3/3	0.03	3	0.0329584	0.0
tutulma=3/4	0.03	3	0.0329584	0.0
töre=3/4	0.03	3	0.0329584	0.0
video=3/5	0.03	3	0.0329584	0.0
yapılacak=3/4	0.03	3	0.0329584	0.0
yara=3/3	0.03	3	0.0329584	0.0
yardım=3/4	0.03	3	0.0329584	0.0
yayınla=3/3	0.03	3	0.0329584	0.0
yerel=3/3	0.03	3	0.0329584	0.0
özgür=3/3	0.03	3	0.0329584	0.0
ürettik=3/3	0.03	3	0.0329584	0.0
abdullah=4/5	0.04	2	0.0277259	0.0
aklı=4/4	0.04	2	0.0277259	0.0
analiz=4/5	0.04	2	0.0277259	0.0
ateş=4/6	0.04	2	0.0277259	0.0
cinsel=4/6	0.04	2	0.0277259	0.0
cumartesi=4/4	0.04	2	0.0277259	0.0
düzenle=4/4	0.04	2	0.0277259	0.0
elektrik=4/8	0.04	2	0.0277259	0.0
geçiş=4/4	0.04	2	0.0277259	0.0
hata=4/4	0.04	2	0.0277259	0.0
ingiliz=4/11	0.04	2	0.0277259	0.0
isteme=4/5	0.04	2	0.0277259	0.0
kardeş=4/5	0.04	2	0.0277259	0.0
kazandık=4/5	0.04	2	0.0277259	0.0
kritik=4/12	0.04	2	0.0277259	0.0
köy=4/7	0.04	2	0.0277259	0.0
milyar=4/4	0.04	2	0.0277259	0.0
tanıt=4/4	0.04	2	0.0277259	0.0
test=4/6	0.04	2	0.0277259	0.0
tip=4/4	0.04	2	0.0277259	0.0
uç=4/4	0.04	2	0.0277259	0.0
acil=3/3	0.03	2	0.0207944	0.0
asıl=3/4	0.03	2	0.0207944	0.0
barış=3/10	0.03	2	0.0207944	0.0
bat=3/3	0.03	2	0.0207944	0.0
başlat=3/3	0.03	2	0.0207944	0.0
bulunmadık=3/3	0.03	2	0.0207944	0.0
civar=3/3	0.03	2	0.0207944	0.0
com=3/3	0.03	2	0.0207944	0.0
daire=3/7	0.03	2	0.0207944	0.0
değerlendiren=3/3	0.03	2	0.0207944	0.0
direktör=3/4	0.03	2	0.0207944	0.0
düzenlen=3/4	0.03	2	0.0207944	0.0
edilme=3/3	0.03	2	0.0207944	0.0
erdoğan=3/13	0.03	2	0.0207944	0.0
eşlik=3/3	0.03	2	0.0207944	0.0
giderek=3/3	0.03	2	0.0207944	0.0
gösteren=3/3	0.03	2	0.0207944	0.0
küresel=3/6	0.03	2	0.0207944	0.0
mart=3/3	0.03	2	0.0207944	0.0
mevcut=3/3	0.03	2	0.0207944	0.0
mutlaka=3/4	0.03	2	0.0207944	0.0
operasyon=3/3	0.03	2	0.0207944	0.0
oğul=3/5	0.03	2	0.0207944	0.0
rahat=3/3	0.03	2	0.0207944	0.0
reddet=3/4	0.03	2	0.0207944	0.0
saha=3/7	0.03	2	0.0207944	0.0
savun=3/4	0.03	2	0.0207944	0.0
sayfa=3/5	0.03	2	0.0207944	0.0
sene=3/4	0.03	2	0.0207944	0.0
seyirci=3/5	0.03	2	0.0207944	0.0
soğuk=3/5	0.03	2	0.0207944	0.0
süresi=3/4	0.03	2	0.0207944	0.0
tedavi=3/3	0.03	2	0.0207944	0.0
ticaret=3/4	0.03	2	0.0207944	0.0
umut=3/6	0.03	2	0.0207944	0.0
uy=3/5	0.03	2	0.0207944	0.0
verecek=3/3	0.03	2	0.0207944	0.0
verildik=3/3	0.03	2	0.0207944	0.0
vücut=3/11	0.03	2	0.0207944	0.0
çektik=3/3	0.03	2	0.0207944	0.0
çerçeve=3/3	0.03	2	0.0207944	0.0
çin=3/24	0.03	2	0.0207944	0.0
çizgi=3/5	0.03	2	0.0207944	0.0
çıkar=3/4	0.03	2	0.0207944	0.0
üs=3/4	0.03	2	0.0207944	0.0
şansı=3/3	0.03	2	0.0207944	0.0
aa=3/3	0.03	1	0	0.0
abd=31/132	0.31	1	0	0.0
ad=15/18	0.15	1	0	0.0
ada=23/32	0.23	1	0	0.0
adam=4/5	0.04	1	0	0.0
aday=13/27	0.13	1	0	0.0
adlı=9/11	0.09	1	0	0.0
ahmet=4/5	0.04	1	0	0.0
aile=9/26	0.09	1	0	0.0
ait=7/11	0.07	1	0	0.0
ak=10/23	0.1	1	0	0.0
akşam=3/4	0.03	1	0	0.0
al=23/34	0.23	1	0	0.0
alan=21/27	0.21	1	0	0.0
aldık=8/10	0.08	1	0	0.0
alma=13/14	0.13	1	0	0.0
almak=7/9	0.07	1	0	0.0
alt=11/23	0.11	1	0	0.0
alınan=3/6	0.03	1	0	0.0
alındık=4/4	0.04	1	0	0.0
alıp=3/3	0.03	1	0	0.0
amacı=5/6	0.05	1	0	0.0
amerika=6/11	0.06	1	0	0.0
an=17/21	0.17	1	0	0.0
ankara=12/18	0.12	1	0	0.0
anlam=3/4	0.03	1	0	0.0
anlat=8/9	0.08	1	0	0.0
anne=8/18	0.08	1	0	0.0
ara=31/57	0.31	1	0	0.0
araç=8/11	0.08	1	0	0.0
araştırma=5/10	0.05	1	0	0.0
arka=4/4	0.04	1	0	0.0
arkadaş=8/12	0.08	1	0	0.0
art=19/26	0.19	1	0	0.0
asker=21/37	0.21	1	0	0.0
at=5/10	0.05	1	0	0.0
avrupa=6/11	0.06	1	0	0.0
ay=24/37	0.24	1	0	0.0
ayn=14/26	0.14	1	0	0.0
ayrı=5/5	0.05	1	0	0.0
aç=4/6	0.04	1	0	0.0
açı=3/3	0.03	1	0	0.0
açık=10/13	0.1	1	0	0.0
açıkla=14/14	0.14	1	0	0.0
açıklama=31/60	0.31	1	0	0.0
ağustos=4/4	0.04	1	0	0.0
ağır=5/6	0.05	1	0	0.0
baba=5/11	0.05	1	0	0.0
bak=4/4	0.04	1	0	0.0
bakan=22/56	0.22	1	0	0.0
bakanlık=11/16	0.11	1	0	0.0
bakanlığı=5/5	0.05	1	0	0.0
bas=17/22	0.17	1	0	0.0
baskı=4/8	0.04	1	0	0.0
bağlı=7/8	0.07	1	0	0.0
baş=24/36	0.24	1	0	0.0
başarı=3/3	0.03	1	0	0.0
başarılı=5/14	0.05	1	0	0.0
başka=39/96	0.39	1	0	0.0
başkanlık=22/44	0.22	1	0	0.0
başla=21/29	0.21	1	0	0.0
başlayan=6/6	0.06	1	0	0.0
be=3/3	0.03	1	0	0.0
beklen=11/11	0.11	1	0	0.0
belirlen=4/4	0.04	1	0	0.0
belirt=19/30	0.19	1	0	0.0
belirten=3/3	0.03	1	0	0.0
belirterek=7/8	0.07	1	0	0.0
belirtil=19/23	0.19	1	0	0.0
belli=3/3	0.03	1	0	0.0
beraber=4/4	0.04	1	0	0.0
beyaz=6/9	0.06	1	0	0.0
bil=5/7	0.05	1	0	0.0
bildir=7/7	0.07	1	0	0.0
bildiril=15/16	0.15	1	0	0.0
bilgi=12/17	0.12	1	0	0.0
bili=4/5	0.04	1	0	0.0
biraz=5/7	0.05	1	0	0.0
birbiri=3/5	0.03	1	0	0.0
birinci=4/5	0.04	1	0	0.0
birlik=16/23	0.16	1	0	0.0
bit=3/3	0.03	1	0	0.0
boy=13/14	0.13	1	0	0.0
bugün=22/29	0.22	1	0	0.0
bul=10/15	0.1	1	0	0.0
bulduk=3/3	0.03	1	0	0.0
bulun=6/7	0.06	1	0	0.0
bulunan=15/17	0.15	1	0	0.0
bulunduk=14/22	0.14	1	0	0.0
bura=5/8	0.05	1	0	0.0
bölge=19/36	0.19	1	0	0.0
büyük=33/51	0.33	1	0	0.0
bırakma=5/6	0.05	1	0	0.0
can=6/7	0.06	1	0	0.0
canlı=6/8	0.06	1	0	0.0
cep=3/3	0.03	1	0	0.0
ceza=5/16	0.05	1	0	0.0
ciddi=6/6	0.06	1	0	0.0
dahil=10/10	0.1	1	0	0.0
dair=4/8	0.04	1	0	0.0
dakika=5/16	0.05	1	0	0.0
dan=18/23	0.18	1	0	0.0
dava=8/16	0.08	1	0	0.0
dek=14/19	0.14	1	0	0.0
den=14/19	0.14	1	0	0.0
deniz=3/4	0.03	1	0	0.0
dergi=3/5	0.03	1	0	0.0
dernek=3/6	0.03	1	0	0.0
destek=14/22	0.14	1	0	0.0
dev=4/5	0.04	1	0	0.0
deva=23/33	0.23	1	0	0.0
devir=3/4	0.03	1	0	0.0
devlet=15/24	0.15	1	0	0.0
değer=4/5	0.04	1	0	0.0
değerlendirme=3/3	0.03	1	0	0.0
değişiklik=4/4	0.04	1	0	0.0
dikkat=10/14	0.1	1	0	0.0
dil=10/14	0.1	1	0	0.0
diyen=5/5	0.05	1	0	0.0
diyerek=6/8	0.06	1	0	0.0
do=8/10	0.08	1	0	0.0
doğru=7/9	0.07	1	0	0.0
doğu=8/9	0.08	1	0	0.0
duru=18/27	0.18	1	0	0.0
durum=3/3	0.03	1	0	0.0
dön=4/4	0.04	1	0	0.0
dönem=18/37	0.18	1	0	0.0
dönüş=5/5	0.05	1	0	0.0
dün=13/15	0.13	1	0	0.0
dünya=22/53	0.22	1	0	0.0
düzenlenen=5/5	0.05	1	0	0.0
düzey=6/8	0.06	1	0	0.0
düş=5/5	0.05	1	0	0.0
düşen=4/4	0.04	1	0	0.0
düşün=9/9	0.09	1	0	0.0
dış=14/20	0.14	1	0	0.0
dışarı=3/3	0.03	1	0	0.0
edil=11/12	0.11	1	0	0.0
edilen=8/9	0.08	1	0	0.0
ek=4/4	0.04	1	0	0.0
ekip=4/4	0.04	1	0	0.0
ekonomi=3/7	0.03	1	0	0.0
el=42/88	0.42	1	0	0.0
emir=4/6	0.04	1	0	0.0
er=6/12	0.06	1	0	0.0
erkek=5/9	0.05	1	0	0.0
eski=18/37	0.18	1	0	0.0
et=16/24	0.16	1	0	0.0
etki=8/13	0.08	1	0	0.0
etkili=4/4	0.04	1	0	0.0
etme=20/21	0.2	1	0	0.0
etmek=8/9	0.08	1	0	0.0
ettik=3/3	0.03	1	0	0.0
ev=8/15	0.08	1	0	0.0
eylül=7/8	0.07	1	0	0.0
eş=5/9	0.05	1	0	0.0
faaliyet=5/7	0.05	1	0	0.0
fark=10/13	0.1	1	0	0.0
farklı=6/7	0.06	1	0	0.0
faz=15/18	0.15	1	0	0.0
fikir=4/4	0.04	1	0	0.0
film=7/27	0.07	1	0	0.0
firma=3/5	0.03	1	0	0.0
fotoğraf=7/10	0.07	1	0	0.0
gazete=11/20	0.11	1	0	0.0
gazeteci=9/15	0.09	1	0	0.0
gece=7/15	0.07	1	0	0.0
gel=26/40	0.26	1	0	0.0
geldik=13/16	0.13	1	0	0.0
gelecek=7/8	0.07	1	0	0.0
gelen=26/34	0.26	1	0	0.0
gelişme=5/7	0.05	1	0	0.0
gelme=8/11	0.08	1	0	0.0
genel=15/18	0.15	1	0	0.0
geniş=6/8	0.06	1	0	0.0
genç=7/11	0.07	1	0	0.0
gerek=8/12	0.08	1	0	0.0
gereken=4/4	0.04	1	0	0.0
gerektik=12/23	0.12	1	0	0.0
gerekçe=10/10	0.1	1	0	0.0
geri=11/19	0.11	1	0	0.0
gerçek=5/6	0.05	1	0	0.0
getir=8/9	0.08	1	0	0.0
getiren=3/4	0.03	1	0	0.0
getirme=4/4	0.04	1	0	0.0
geç=15/20	0.15	1	0	0.0
geçen=23/28	0.23	1	0	0.0
geçme=3/4	0.03	1	0	0.0
geçmiş=4/5	0.04	1	0	0.0
geçtik=4/4	0.04	1	0	0.0
gir=6/11	0.06	1	0	0.0
giren=3/3	0.03	1	0	0.0
giriş=5/9	0.05	1	0	0.0
girme=5/5	0.05	1	0	0.0
git=6/7	0.06	1	0	0.0
gitme=6/9	0.06	1	0	0.0
gittik=5/5	0.05	1	0	0.0
grup=9/19	0.09	1	0	0.0
gördük=7/7	0.07	1	0	0.0
görev=9/22	0.09	1	0	0.0
görül=7/7	0.07	1	0	0.0
görülen=5/5	0.05	1	0	0.0
görüntü=7/11	0.07	1	0	0.0
görüş=5/5	0.05	1	0	0.0
görüşme=10/18	0.1	1	0	0.0
göster=10/12	0.1	1	0	0.0
göz=9/15	0.09	1	0	0.0
gün=33/47	0.33	1	0	0.0
gündem=7/10	0.07	1	0	0.0
güney=8/13	0.08	1	0	0.0
güneş=5/7	0.05	1	0	0.0
güvenlik=20/26	0.2	1	0	0.0
güç=10/20	0.1	1	0	0.0
güçlü=9/15	0.09	1	0	0.0
haber=30/54	0.3	1	0	0.0
haf=15/19	0.15	1	0	0.0
hak=18/25	0.18	1	0	0.0
hal=16/19	0.16	1	0	0.0
halk=18/44	0.18	1	0	0.0
hareket=4/12	0.04	1	0	0.0
hastane=3/4	0.03	1	0	0.0
hav=9/19	0.09	1	0	0.0
hava=6/13	0.06	1	0	0.0
hayal=4/4	0.04	1	0	0.0
hayat=25/34	0.25	1	0	0.0
hazır=5/5	0.05	1	0	0.0
hazırladık=4/4	0.04	1	0	0.0
hazırlan=6/6	0.06	1	0	0.0
hedef=6/9	0.06	1	0	0.0
hemen=10/11	0.1	1	0	0.0
hizmet=6/12	0.06	1	0	0.0
hukuk=4/5	0.04	1	0	0.0
hız=3/3	0.03	1	0	0.0
iddia=19/26	0.19	1	0	0.0
ifade=18/34	0.18	1	0	0.0
ihtiyaç=5/6	0.05	1	0	0.0
ikinci=14/25	0.14	1	0	0.0
ileri=8/10	0.08	1	0	0.0
iletiş=3/3	0.03	1	0	0.0
ilgi=3/3	0.03	1	0	0.0
ilginç=4/5	0.04	1	0	0.0
ilişki=20/40	0.2	1	0	0.0
ilk=21/36	0.21	1	0	0.0
imkan=3/3	0.03	1	0	0.0
in=21/31	0.21	1	0	0.0
ingiltere=14/33	0.14	1	0	0.0
insan=15/23	0.15	1	0	0.0
internet=5/6	0.05	1	0	0.0
isim=10/12	0.1	1	0	0.0
isimli=12/15	0.12	1	0	0.0
istanbul=5/7	0.05	1	0	0.0
iste=12/19	0.12	1	0	0.0
istedik=5/6	0.05	1	0	0.0
iy=5/5	0.05	1	0	0.0
iyi=13/18	0.13	1	0	0.0
iz=5/8	0.05	1	0	0.0
iç=14/18	0.14	1	0	0.0
içeri=9/13	0.09	1	0	0.0
iş=15/21	0.15	1	0	0.0
işaret=7/9	0.07	1	0	0.0
işbirlik=6/15	0.06	1	0	0.0
kabul=9/10	0.09	1	0	0.0
kadı=9/28	0.09	1	0	0.0
kadın=9/17	0.09	1	0	0.0
kafa=3/3	0.03	1	0	0.0
kal=15/18	0.15	1	0	0.0
kaldık=7/9	0.07	1	0	0.0
kalma=6/7	0.06	1	0	0.0
kampanya=11/30	0.11	1	0	0.0
kamuoy=4/8	0.04	1	0	0.0
kapalı=3/3	0.03	1	0	0.0
kapsam=3/4	0.03	1	0	0.0
kar=9/11	0.09	1	0	0.0
karar=7/9	0.07	1	0	0.0
karşı=22/38	0.22	1	0	0.0
kas=15/17	0.15	1	0	0.0
kat=7/9	0.07	1	0	0.0
katkı=3/4	0.03	1	0	0.0
katıl=3/3	0.03	1	0	0.0
katıldık=5/5	0.05	1	0	0.0
kaybet=8/10	0.08	1	0	0.0
kaydeden=5/7	0.05	1	0	0.0
kaydedil=4/4	0.04	1	0	0.0
kaydet=10/13	0.1	1	0	0.0
kaynak=7/8	0.07	1	0	0.0
kazan=13/26	0.13	1	0	0.0
kazanan=6/8	0.06	1	0	0.0
kent=8/12	0.08	1	0	0.0
kes=5/5	0.05	1	0	0.0
kişi=28/56	0.28	1	0	0.0
kontrol=9/12	0.09	1	0	0.0
konu=30/56	0.3	1	0	0.0
konuş=13/15	0.13	1	0	0.0
konuşan=9/10	0.09	1	0	0.0
konuşma=13/22	0.13	1	0	0.0
koy=10/11	0.1	1	0	0.0
kullan=12/22	0.12	1	0	0.0
kullanan=4/4	0.04	1	0	0.0
kullandık=3/3	0.03	1	0	0.0
kullanmak=3/3	0.03	1	0	0.0
kuruluş=6/6	0.06	1	0	0.0
kuzey=10/14	0.1	1	0	0.0
kötü=6/9	0.06	1	0	0.0
küçük=3/3	0.03	1	0	0.0
kıs=3/3	0.03	1	0	0.0
kız=5/7	0.05	1	0	0.0
la=5/6	0.05	1	0	0.0
lazım=3/6	0.03	1	0	0.0
madde=3/3	0.03	1	0	0.0
masa=3/3	0.03	1	0	0.0
mayıs=4/4	0.04	1	0	0.0
medya=6/10	0.06	1	0	0.0
merak=3/3	0.03	1	0	0.0
merkez=13/31	0.13	1	0	0.0
mesaj=14/36	0.14	1	0	0.0
meydan=8/12	0.08	1	0	0.0
milyon=13/18	0.13	1	0	0.0
model=4/4	0.04	1	0	0.0
mücadele=8/11	0.08	1	0	0.0
müdür=3/3	0.03	1	0	0.0
mümkün=3/3	0.03	1	0	0.0
nda=9/10	0.09	1	0	0.0
nde=5/6	0.05	1	0	0.0
new=12/27	0.12	1	0	0.0
nin=37/77	0.37	1	0	0.0
nokta=7/7	0.07	1	0	0.0
nun=4/5	0.04	1	0	0.0
nın=34/65	0.34	1	0	0.0
ocak=3/5	0.03	1	0	0.0
okul=7/7	0.07	1	0	0.0
ol=19/31	0.19	1	0	0.0
olabil=5/6	0.05	1	0	0.0
olacak=11/11	0.11	1	0	0.0
olay=14/20	0.14	1	0	0.0
olduk=10/12	0.1	1	0	0.0
oldukça=5/5	0.05	1	0	0.0
olma=23/28	0.23	1	0	0.0
olmadık=5/7	0.05	1	0	0.0
oluş=3/3	0.03	1	0	0.0
oluşan=7/7	0.07	1	0	0.0
oluştur=4/4	0.04	1	0	0.0
ora=6/7	0.06	1	0	0.0
oran=6/8	0.06	1	0	0.0
orta=19/27	0.19	1	0	0.0
ortak=4/9	0.04	1	0	0.0
oy=15/69	0.15	1	0	0.0
para=5/6	0.05	1	0	0.0
plan=3/5	0.03	1	0	0.0
polis=8/20	0.08	1	0	0.0
program=6/9	0.06	1	0	0.0
proje=3/4	0.03	1	0	0.0
rapor=4/6	0.04	1	0	0.0
rekor=4/7	0.04	1	0	0.0
resim=10/11	0.1	1	0	0.0
rol=3/3	0.03	1	0	0.0
saat=19/37	0.19	1	0	0.0
sabah=7/7	0.07	1	0	0.0
sahip=12/14	0.12	1	0	0.0
sahne=5/5	0.05	1	0	0.0
salon=3/3	0.03	1	0	0.0
savunma=12/25	0.12	1	0	0.0
say=3/3	0.03	1	0	0.0
saye=7/9	0.07	1	0	0.0
sayı=12/20	0.12	1	0	0.0
sağla=5/6	0.05	1	0	0.0
sağlayan=3/3	0.03	1	0	0.0
sağlık=8/11	0.08	1	0	0.0
ses=4/4	0.04	1	0	0.0
seviye=3/5	0.03	1	0	0.0
silah=8/38	0.08	1	0	0.0
sistem=6/8	0.06	1	0	0.0
site=11/14	0.11	1	0	0.0
sokak=5/8	0.05	1	0	0.0
sonuç=28/47	0.28	1	0	0.0
sor=5/8	0.05	1	0	0.0
soru=12/18	0.12	1	0	0.0
sorumluluk=5/7	0.05	1	0	0.0
sorun=9/14	0.09	1	0	0.0
sosyal=9/9	0.09	1	0	0.0
spor=4/4	0.04	1	0	0.0
su=3/3	0.03	1	0	0.0
suç=10/14	0.1	1	0	0.0
söyle=28/41	0.28	1	0	0.0
söyleyen=4/6	0.04	1	0	0.0
söz=12/30	0.12	1	0	0.0
sözcü=10/13	0.1	1	0	0.0
sür=22/25	0.22	1	0	0.0
sürdür=3/4	0.03	1	0	0.0
süreci=8/9	0.08	1	0	0.0
süren=5/6	0.05	1	0	0.0
süreç=5/7	0.05	1	0	0.0
sıcak=4/5	0.04	1	0	0.0
sıkıntı=5/5	0.05	1	0	0.0
sınır=12/25	0.12	1	0	0.0
sır=9/9	0.09	1	0	0.0
sıra=10/16	0.1	1	0	0.0
tabii=3/3	0.03	1	0	0.0
tahmin=6/10	0.06	1	0	0.0
takip=5/6	0.05	1	0	0.0
talep=9/16	0.09	1	0	0.0
tam=9/10	0.09	1	0	0.0
tamamen=3/3	0.03	1	0	0.0
tanı=4/4	0.04	1	0	0.0
taraf=9/16	0.09	1	0	0.0
tarih=9/14	0.09	1	0	0.0
tartışma=4/4	0.04	1	0	0.0
taş=3/3	0.03	1	0	0.0
te=5/5	0.05	1	0	0.0
tehdit=4/8	0.04	1	0	0.0
tehlike=3/3	0.03	1	0	0.0
tek=15/15	0.15	1	0	0.0
tekrar=4/5	0.04	1	0	0.0
telefon=6/13	0.06	1	0	0.0
televizyon=9/11	0.09	1	0	0.0
temsilci=6/9	0.06	1	0	0.0
tepki=8/15	0.08	1	0	0.0
tercih=4/5	0.04	1	0	0.0
teşekkür=4/6	0.04	1	0	0.0
top=3/5	0.03	1	0	0.0
topla=3/5	0.03	1	0	0.0
toplantı=15/33	0.15	1	0	0.0
toplu=6/12	0.06	1	0	0.0
trafik=4/4	0.04	1	0	0.0
tür=5/7	0.05	1	0	0.0
türk=14/35	0.14	1	0	0.0
türkiye=30/84	0.3	1	0	0.0
ulaş=5/5	0.05	1	0	0.0
ulusal=6/6	0.06	1	0	0.0
uluslararası=10/20	0.1	1	0	0.0
uz=8/10	0.08	1	0	0.0
uzman=3/4	0.03	1	0	0.0
vatandaş=6/8	0.06	1	0	0.0
ver=23/30	0.23	1	0	0.0
verdik=18/23	0.18	1	0	0.0
veren=8/11	0.08	1	0	0.0
veril=7/7	0.07	1	0	0.0
verilen=8/11	0.08	1	0	0.0
verme=14/18	0.14	1	0	0.0
vermek=4/5	0.04	1	0	0.0
yak=17/28	0.17	1	0	0.0
yaklaşık=5/5	0.05	1	0	0.0
yan=6/9	0.06	1	0	0.0
yanıt=7/10	0.07	1	0	0.0
yap=13/17	0.13	1	0	0.0
yapan=9/9	0.09	1	0	0.0
yaparak=4/5	0.04	1	0	0.0
yapma=10/10	0.1	1	0	0.0
yaptık=3/3	0.03	1	0	0.0
yapı=6/8	0.06	1	0	0.0
yapıl=8/10	0.08	1	0	0.0
yar=16/25	0.16	1	0	0.0
yardımcı=9/12	0.09	1	0	0.0
yay=4/5	0.04	1	0	0.0
yaz=8/10	0.08	1	0	0.0
yaş=20/35	0.2	1	0	0.0
yaşa=5/7	0.05	1	0	0.0
yaşadık=6/8	0.06	1	0	0.0
yaşam=5/5	0.05	1	0	0.0
yaşan=4/4	0.04	1	0	0.0
yaşanan=7/8	0.07	1	0	0.0
yaşayan=7/7	0.07	1	0	0.0
ye=30/40	0.3	1	0	0.0
yen=25/43	0.25	1	0	0.0
yeni=14/28	0.14	1	0	0.0
yer=13/17	0.13	1	0	0.0
yetkili=11/19	0.11	1	0	0.0
yi=7/9	0.07	1	0	0.0
yok=14/18	0.14	1	0	0.0
yol=12/20	0.12	1	0	0.0
yoğ=5/7	0.05	1	0	0.0
yön=6/10	0.06	1	0	0.0
yönelik=5/6	0.05	1	0	0.0
yönetici=4/4	0.04	1	0	0.0
yönetim=12/19	0.12	1	0	0.0
yöntem=3/5	0.03	1	0	0.0
yük=9/13	0.09	1	0	0.0
yıl=36/74	0.36	1	0	0.0
yıldız=5/13	0.05	1	0	0.0
yıllık=5/5	0.05	1	0	0.0
zaman=15/22	0.15	1	0	0.0
zarar=5/5	0.05	1	0	0.0
ziyaret=5/6	0.05	1	0	0.0
zor=10/15	0.1	1	0	0.0
çaba=6/6	0.06	1	0	0.0
çalış=10/13	0.1	1	0	0.0
çalışan=7/8	0.07	1	0	0.0
çalışma=11/19	0.11	1	0	0.0
çarşamba=3/3	0.03	1	0	0.0
çek=9/10	0.09	1	0	0.0
çevre=3/5	0.03	1	0	0.0
çeşitli=7/7	0.07	1	0	0.0
çift=4/4	0.04	1	0	0.0
çocuk=10/26	0.1	1	0	0.0
çöz=8/13	0.08	1	0	0.0
çık=17/27	0.17	1	0	0.0
çıkan=5/5	0.05	1	0	0.0
çıkma=10/11	0.1	1	0	0.0
çıkış=5/9	0.05	1	0	0.0
ölü=14/15	0.14	1	0	0.0
önem=3/3	0.03	1	0	0.0
önemli=18/29	0.18	1	0	0.0
örgüt=6/10	0.06	1	0	0.0
örnek=3/5	0.03	1	0	0.0
özel=12/17	0.12	1	0	0.0
özellik=11/13	0.11	1	0	0.0
ülke=33/58	0.33	1	0	0.0
ün=12/19	0.12	1	0	0.0
ünlü=4/4	0.04	1	0	0.0
üst=10/11	0.1	1	0	0.0
üye=10/18	0.1	1	0	0.0
üzeri=24/33	0.24	1	0	0.0
ın=27/48	0.27	1	0	0.0
şart=3/3	0.03	1	0	0.0
şehir=6/9	0.06	1	0	0.0
şekil=13/18	0.13	1	0	0.0
şekli=6/8	0.06	1	0	0.0
şirket=9/15	0.09	1	0	0.0
