hasta=43/193	0.43	4	0.5961066	0.0
hastalık=48/156	0.48	3	0.5273339	0.0
dr=59/138	0.59	2	0.4089568	0.0
cerrahi=18/52	0.18	9	0.3955004	0.0
tıp=35/47	0.35	3	0.3845143	0.0
sağlıklı=17/25	0.17	9	0.3735282	0.0
karaciğer=14/24	0.14	9	0.3076114	0.0
anabilim=13/13	0.13	9	0.2856392	0.0
dal=26/27	0.26	3	0.2856392	0.0
kalp=26/108	0.26	3	0.2856392	0.0
rahatsızlık=13/17	0.13	9	0.2856392	0.0
tedavi=41/148	0.41	2	0.2841903	0.0
olumsuz=20/26	0.2	4	0.2772589	0.0
belirti=12/25	0.12	9	0.2636669	0.0
bozukluk=12/21	0.12	9	0.2636669	0.0
organ=12/177	0.12	9	0.2636669	0.0
prof=37/92	0.37	2	0.2564645	0.0
aşırı=11/16	0.11	9	0.2416947	0.0
böbrek=11/66	0.11	9	0.2416947	0.0
damar=11/48	0.11	9	0.2416947	0.0
göğüs=11/17	0.11	9	0.2416947	0.0
nakil=11/142	0.11	9	0.2416947	0.0
obezite=11/33	0.11	9	0.2416947	0.0
ameliyat=17/48	0.17	4	0.23567	0.0
risk=21/72	0.21	3	0.2307086	0.0
beslenme=10/32	0.1	9	0.2197225	0.0
faktör=10/10	0.1	9	0.2197225	0.0
kemik=10/39	0.1	9	0.2197225	0.0
ilaç=15/34	0.15	4	0.2079442	0.0
bol=9/14	0.09	9	0.1977502	0.0
diyabet=9/20	0.09	9	0.1977502	0.0
enfeksiyon=9/16	0.09	9	0.1977502	0.0
genetik=9/11	0.09	9	0.1977502	0.0
tem=9/15	0.09	9	0.1977502	0.0
teşhis=9/28	0.09	9	0.1977502	0.0
problem=14/19	0.14	4	0.1940812	0.0
sık=14/22	0.14	4	0.1940812	0.0
normal=17/25	0.17	3	0.1867641	0.0
bağış=8/65	0.08	9	0.175778	0.0
bilimsel=8/15	0.08	9	0.175778	0.0
hücre=8/27	0.08	9	0.175778	0.0
içme=8/11	0.08	9	0.175778	0.0
sebze=8/10	0.08	9	0.175778	0.0
sendrom=8/29	0.08	9	0.175778	0.0
yemek=15/20	0.15	3	0.1647918	0.0
öğreti=15/15	0.15	3	0.1647918	0.0
aktivite=7/9	0.07	9	0.1538057	0.0
algınlık=7/13	0.07	9	0.1538057	0.0
dok=7/9	0.07	9	0.1538057	0.0
egzersiz=7/13	0.07	9	0.1538057	0.0
kadavra=7/22	0.07	9	0.1538057	0.0
mevsim=7/13	0.07	9	0.1538057	0.0
yararlı=7/7	0.07	9	0.1538057	0.0
yeme=7/21	0.07	9	0.1538057	0.0
kanser=11/44	0.11	4	0.1524924	0.0
olabilecek=11/13	0.11	4	0.1524924	0.0
yaygı=11/11	0.11	4	0.1524924	0.0
fakülte=21/23	0.21	2	0.1455609	0.0
bilinen=13/14	0.13	3	0.1428196	0.0
kan=13/35	0.13	3	0.1428196	0.0
bebek=10/52	0.1	4	0.1386294	0.0
sigar=10/16	0.1	4	0.1386294	0.0
akciğer=6/12	0.06	9	0.1318335	0.0
akis=6/7	0.06	9	0.1318335	0.0
bakım=6/6	0.06	9	0.1318335	0.0
düzenli=6/6	0.06	9	0.1318335	0.0
genellik=6/8	0.06	9	0.1318335	0.0
psikoloji=6/11	0.06	9	0.1318335	0.0
sağladık=6/6	0.06	9	0.1318335	0.0
stres=6/6	0.06	9	0.1318335	0.0
tıbbi=6/19	0.06	9	0.1318335	0.0
uygulanan=6/6	0.06	9	0.1318335	0.0
yetmezlik=6/14	0.06	9	0.1318335	0.0
özkan=6/15	0.06	9	0.1318335	0.0
vücut=19/34	0.19	2	0.131698	0.0
araştırmacı=9/18	0.09	4	0.1247665	0.0
görülme=9/11	0.09	4	0.1247665	0.0
has=18/35	0.18	2	0.1247665	0.0
hekim=9/17	0.09	4	0.1247665	0.0
vaka=9/15	0.09	4	0.1247665	0.0
vurgula=18/20	0.18	2	0.1247665	0.0
yürüyüş=9/13	0.09	4	0.1247665	0.0
ağrı=11/16	0.11	3	0.1208474	0.0
yatak=11/13	0.11	3	0.1208474	0.0
ölüm=11/19	0.11	3	0.1208474	0.0
doç=8/13	0.08	4	0.1109035	0.0
maalesef=8/10	0.08	4	0.1109035	0.0
süt=8/30	0.08	4	0.1109035	0.0
toplum=8/8	0.08	4	0.1109035	0.0
yağ=8/33	0.08	4	0.1109035	0.0
anlaşıl=5/5	0.05	9	0.1098612	0.0
artırmak=5/5	0.05	9	0.1098612	0.0
bacak=5/13	0.05	9	0.1098612	0.0
bağ=5/5	0.05	9	0.1098612	0.0
belirli=5/7	0.05	9	0.1098612	0.0
bez=5/5	0.05	9	0.1098612	0.0
edilerek=5/5	0.05	9	0.1098612	0.0
etkiledik=5/5	0.05	9	0.1098612	0.0
gecikme=5/5	0.05	9	0.1098612	0.0
gelişim=5/6	0.05	9	0.1098612	0.0
gerektiren=5/7	0.05	9	0.1098612	0.0
hareketsiz=5/9	0.05	9	0.1098612	0.0
karşılaştık=5/5	0.05	9	0.1098612	0.0
konulma=5/5	0.05	9	0.1098612	0.0
koordinatör=5/5	0.05	9	0.1098612	0.0
kullanılarak=5/5	0.05	9	0.1098612	0.0
kurtulmak=5/5	0.05	9	0.1098612	0.0
medicine=5/5	0.05	9	0.1098612	0.0
muayene=5/6	0.05	9	0.1098612	0.0
oluşma=5/5	0.05	9	0.1098612	0.0
pamukkale=5/6	0.05	9	0.1098612	0.0
pankreas=5/6	0.05	9	0.1098612	0.0
rahim=5/15	0.05	9	0.1098612	0.0
sıkça=5/5	0.05	9	0.1098612	0.0
sırala=5/5	0.05	9	0.1098612	0.0
takılan=5/6	0.05	9	0.1098612	0.0
tansiyon=5/21	0.05	9	0.1098612	0.0
tanımlan=5/5	0.05	9	0.1098612	0.0
taşıdık=5/6	0.05	9	0.1098612	0.0
temas=5/5	0.05	9	0.1098612	0.0
tuncay=5/19	0.05	9	0.1098612	0.0
yakalanma=5/6	0.05	9	0.1098612	0.0
yaralanma=5/7	0.05	9	0.1098612	0.0
çıkarmak=5/5	0.05	9	0.1098612	0.0
öner=5/8	0.05	9	0.1098612	0.0
örgütü=5/6	0.05	9	0.1098612	0.0
öğün=5/5	0.05	9	0.1098612	0.0
süresi=15/22	0.15	2	0.1039721	0.0
doğan=9/17	0.09	3	0.0988751	0.0
kullanılan=9/14	0.09	3	0.0988751	0.0
kullanım=9/25	0.09	3	0.0988751	0.0
oluştuk=9/9	0.09	3	0.0988751	0.0
yanlış=9/22	0.09	3	0.0988751	0.0
alışkanlık=7/17	0.07	4	0.0970406	0.0
artırdık=7/7	0.07	4	0.0970406	0.0
azalma=7/8	0.07	4	0.0970406	0.0
davranış=7/21	0.07	4	0.0970406	0.0
geliştirdik=7/12	0.07	4	0.0970406	0.0
kilo=14/39	0.14	2	0.0970406	0.0
ortam=7/7	0.07	4	0.0970406	0.0
bey=13/49	0.13	2	0.0901091	0.0
mutlaka=13/15	0.13	2	0.0901091	0.0
aksatma=4/4	0.04	9	0.087889	0.0
alama=4/5	0.04	9	0.087889	0.0
alet=4/6	0.04	9	0.087889	0.0
alım=4/6	0.04	9	0.087889	0.0
alınabil=4/4	0.04	9	0.087889	0.0
american=4/4	0.04	9	0.087889	0.0
antibiyotik=4/40	0.04	9	0.087889	0.0
association=4/4	0.04	9	0.087889	0.0
azaldık=4/7	0.04	9	0.087889	0.0
baki=4/24	0.04	9	0.087889	0.0
bakırköy=4/4	0.04	9	0.087889	0.0
balgam=4/4	0.04	9	0.087889	0.0
bağır=4/4	0.04	9	0.087889	0.0
bağırsak=4/5	0.04	9	0.087889	0.0
bağışlandık=4/4	0.04	9	0.087889	0.0
başlıca=4/4	0.04	9	0.087889	0.0
başvuran=4/5	0.04	9	0.087889	0.0
belirlendik=4/4	0.04	9	0.087889	0.0
besin=4/5	0.04	9	0.087889	0.0
bilinçli=4/4	0.04	9	0.087889	0.0
birey=4/4	0.04	9	0.087889	0.0
bozulma=4/9	0.04	9	0.087889	0.0
burun=4/4	0.04	9	0.087889	0.0
cilt=4/5	0.04	9	0.087889	0.0
daralma=4/5	0.04	9	0.087889	0.0
depresyon=4/21	0.04	9	0.087889	0.0
direkt=4/4	0.04	9	0.087889	0.0
direnci=4/8	0.04	9	0.087889	0.0
dirençli=4/4	0.04	9	0.087889	0.0
doku=4/5	0.04	9	0.087889	0.0
dönme=4/7	0.04	9	0.087889	0.0
edebil=8/8	0.08	3	0.087889	0.0
erişkin=4/6	0.04	9	0.087889	0.0
estetik=4/7	0.04	9	0.087889	0.0
felç=4/7	0.04	9	0.087889	0.0
geliştirilen=4/6	0.04	9	0.087889	0.0
geliştirilme=4/4	0.04	9	0.087889	0.0
gerilik=4/5	0.04	9	0.087889	0.0
gerçekleştik=4/5	0.04	9	0.087889	0.0
geçirildik=4/4	0.04	9	0.087889	0.0
günlük=8/9	0.08	3	0.087889	0.0
hareketsizlik=4/7	0.04	9	0.087889	0.0
heart=4/6	0.04	9	0.087889	0.0
hekimlik=4/6	0.04	9	0.087889	0.0
hepatit=4/10	0.04	9	0.087889	0.0
hükümetine=4/4	0.04	9	0.087889	0.0
incele=4/4	0.04	9	0.087889	0.0
iyileştiril=4/4	0.04	9	0.087889	0.0
içilen=4/5	0.04	9	0.087889	0.0
karın=4/5	0.04	9	0.087889	0.0
karşılanma=4/4	0.04	9	0.087889	0.0
kaçınma=4/7	0.04	9	0.087889	0.0
klinik=4/4	0.04	9	0.087889	0.0
kongresi=4/4	0.04	9	0.087889	0.0
kuyruk=4/8	0.04	9	0.087889	0.0
laboratuvar=4/4	0.04	9	0.087889	0.0
mesela=4/4	0.04	9	0.087889	0.0
mikrop=4/4	0.04	9	0.087889	0.0
miktar=8/12	0.08	3	0.087889	0.0
müjde=4/4	0.04	9	0.087889	0.0
national=4/6	0.04	9	0.087889	0.0
nedensiz=4/4	0.04	9	0.087889	0.0
okulu=4/5	0.04	9	0.087889	0.0
olasılık=4/4	0.04	9	0.087889	0.0
ortalama=8/8	0.08	3	0.087889	0.0
paü=4/4	0.04	9	0.087889	0.0
rehabilitasyon=4/12	0.04	9	0.087889	0.0
ruhsal=4/4	0.04	9	0.087889	0.0
rutin=4/4	0.04	9	0.087889	0.0
rıza=4/4	0.04	9	0.087889	0.0
safha=4/4	0.04	9	0.087889	0.0
sap=4/8	0.04	9	0.087889	0.0
seyir=4/4	0.04	9	0.087889	0.0
sindirim=4/6	0.04	9	0.087889	0.0
sürdürme=4/4	0.04	9	0.087889	0.0
sıkıl=4/4	0.04	9	0.087889	0.0
taburcu=4/5	0.04	9	0.087889	0.0
tanım=4/4	0.04	9	0.087889	0.0
taze=4/6	0.04	9	0.087889	0.0
tüp=4/5	0.04	9	0.087889	0.0
verebil=4/4	0.04	9	0.087889	0.0
yaptırdık=4/4	0.04	9	0.087889	0.0
yardım=8/10	0.08	3	0.087889	0.0
yetersiz=4/4	0.04	9	0.087889	0.0
yetersizlik=4/4	0.04	9	0.087889	0.0
yetişkin=4/7	0.04	9	0.087889	0.0
yorgunluk=4/12	0.04	9	0.087889	0.0
zayıflama=4/4	0.04	9	0.087889	0.0
çare=4/7	0.04	9	0.087889	0.0
öneri=8/9	0.08	3	0.087889	0.0
üretilen=4/4	0.04	9	0.087889	0.0
ılık=4/7	0.04	9	0.087889	0.0
ınstitute=4/4	0.04	9	0.087889	0.0
şekerli=4/4	0.04	9	0.087889	0.0
akraba=6/10	0.06	4	0.0831777	0.0
and=6/6	0.06	4	0.0831777	0.0
bekleme=6/13	0.06	4	0.0831777	0.0
geçirme=6/6	0.06	4	0.0831777	0.0
gönüllü=6/10	0.06	4	0.0831777	0.0
kaliteli=6/8	0.06	4	0.0831777	0.0
meme=6/48	0.06	4	0.0831777	0.0
sol=6/8	0.06	4	0.0831777	0.0
zararlı=6/12	0.06	4	0.0831777	0.0
üniversitesi=6/6	0.06	4	0.0831777	0.0
şeker=6/9	0.06	4	0.0831777	0.0
açtık=7/7	0.07	3	0.0769029	0.0
düşük=7/11	0.07	3	0.0769029	0.0
kullanılma=7/7	0.07	3	0.0769029	0.0
meyve=7/11	0.07	3	0.0769029	0.0
parça=7/9	0.07	3	0.0769029	0.0
verici=7/15	0.07	3	0.0769029	0.0
edilme=11/17	0.11	2	0.0762462	0.0
giderek=11/11	0.11	2	0.0762462	0.0
artır=5/5	0.05	4	0.0693147	0.0
azaltılma=5/5	0.05	4	0.0693147	0.0
büyüklük=5/5	0.05	4	0.0693147	0.0
eksiklik=5/6	0.05	4	0.0693147	0.0
engel=5/7	0.05	4	0.0693147	0.0
hariç=5/5	0.05	4	0.0693147	0.0
hasar=5/13	0.05	4	0.0693147	0.0
karış=5/5	0.05	4	0.0693147	0.0
koruyucu=5/7	0.05	4	0.0693147	0.0
koşul=5/6	0.05	4	0.0693147	0.0
sınıf=5/5	0.05	4	0.0693147	0.0
tarama=5/17	0.05	4	0.0693147	0.0
tavsiye=5/8	0.05	4	0.0693147	0.0
tüketim=5/12	0.05	4	0.0693147	0.0
ölçü=5/5	0.05	4	0.0693147	0.0
önleme=5/5	0.05	4	0.0693147	0.0
akıl=3/6	0.03	9	0.0659167	0.0
alkol=3/3	0.03	9	0.0659167	0.0
alzheimer=3/11	0.03	9	0.0659167	0.0
ayırt=3/3	0.03	9	0.0659167	0.0
ağırlık=6/6	0.06	3	0.0659167	0.0
ağız=3/9	0.03	9	0.0659167	0.0
aş=6/10	0.06	3	0.0659167	0.0
balıkesir=3/4	0.03	9	0.0659167	0.0
bar=3/4	0.03	9	0.0659167	0.0
baskılayarak=3/3	0.03	9	0.0659167	0.0
basıncı=3/6	0.03	9	0.0659167	0.0
bağışlayan=3/3	0.03	9	0.0659167	0.0
bağışıklık=3/3	0.03	9	0.0659167	0.0
başhekim=3/14	0.03	9	0.0659167	0.0
başhekimlik=3/4	0.03	9	0.0659167	0.0
başvurulan=3/6	0.03	9	0.0659167	0.0
biyolojik=3/3	0.03	9	0.0659167	0.0
boz=3/3	0.03	9	0.0659167	0.0
bulaş=3/3	0.03	9	0.0659167	0.0
bulgu=3/5	0.03	9	0.0659167	0.0
cerrah=3/4	0.03	9	0.0659167	0.0
cha=3/3	0.03	9	0.0659167	0.0
cinsiyet=3/3	0.03	9	0.0659167	0.0
dakikalık=3/3	0.03	9	0.0659167	0.0
dayanıklılık=3/3	0.03	9	0.0659167	0.0
denilen=3/3	0.03	9	0.0659167	0.0
deri=3/4	0.03	9	0.0659167	0.0
devedikeninin=3/3	0.03	9	0.0659167	0.0
değiştik=3/3	0.03	9	0.0659167	0.0
diabetologia=3/3	0.03	9	0.0659167	0.0
dikkatli=3/3	0.03	9	0.0659167	0.0
direnç=3/6	0.03	9	0.0659167	0.0
diyaliz=3/16	0.03	9	0.0659167	0.0
diyet=3/7	0.03	9	0.0659167	0.0
doğduk=3/5	0.03	9	0.0659167	0.0
duyarlılık=3/3	0.03	9	0.0659167	0.0
duş=3/6	0.03	9	0.0659167	0.0
dükkan=3/4	0.03	9	0.0659167	0.0
düşmemek=3/3	0.03	9	0.0659167	0.0
düşünen=3/3	0.03	9	0.0659167	0.0
eczane=3/7	0.03	9	0.0659167	0.0
edebilme=3/3	0.03	9	0.0659167	0.0
edici=3/7	0.03	9	0.0659167	0.0
edilmeli=3/3	0.03	9	0.0659167	0.0
ekici=3/3	0.03	9	0.0659167	0.0
eklenebilecek=3/3	0.03	9	0.0659167	0.0
eklenme=3/3	0.03	9	0.0659167	0.0
empati=3/5	0.03	9	0.0659167	0.0
engellemek=3/4	0.03	9	0.0659167	0.0
engelleyen=3/3	0.03	9	0.0659167	0.0
enginar=3/3	0.03	9	0.0659167	0.0
erime=3/12	0.03	9	0.0659167	0.0
evlilik=6/6	0.06	3	0.0659167	0.0
fay=3/3	0.03	9	0.0659167	0.0
feridun=3/3	0.03	9	0.0659167	0.0
fibrozis=3/19	0.03	9	0.0659167	0.0
fizik=3/5	0.03	9	0.0659167	0.0
fiziksel=3/5	0.03	9	0.0659167	0.0
fırın=3/4	0.03	9	0.0659167	0.0
gastroenteroloji=3/6	0.03	9	0.0659167	0.0
gebe=3/8	0.03	9	0.0659167	0.0
gen=3/5	0.03	9	0.0659167	0.0
geçebilmek=3/3	0.03	9	0.0659167	0.0
geçiren=3/3	0.03	9	0.0659167	0.0
güçlendirmek=3/3	0.03	9	0.0659167	0.0
halsizlik=3/3	0.03	9	0.0659167	0.0
hamile=3/3	0.03	9	0.0659167	0.0
havalandır=3/3	0.03	9	0.0659167	0.0
havuz=3/3	0.03	9	0.0659167	0.0
hepato=3/3	0.03	9	0.0659167	0.0
hırıltı=3/4	0.03	9	0.0659167	0.0
ilave=6/7	0.06	3	0.0659167	0.0
ileriki=3/4	0.03	9	0.0659167	0.0
ilişkili=3/5	0.03	9	0.0659167	0.0
ilköğretim=3/4	0.03	9	0.0659167	0.0
iltihap=3/3	0.03	9	0.0659167	0.0
indirebil=3/3	0.03	9	0.0659167	0.0
inme=3/15	0.03	9	0.0659167	0.0
iten=3/3	0.03	9	0.0659167	0.0
içecek=3/10	0.03	9	0.0659167	0.0
iğne=3/5	0.03	9	0.0659167	0.0
kabiliyet=3/3	0.03	9	0.0659167	0.0
kahvaltı=3/3	0.03	9	0.0659167	0.0
kaldırama=3/3	0.03	9	0.0659167	0.0
kalça=3/5	0.03	9	0.0659167	0.0
kanama=3/6	0.03	9	0.0659167	0.0
kasap=3/7	0.03	9	0.0659167	0.0
kaybeden=3/4	0.03	9	0.0659167	0.0
kaybetme=3/3	0.03	9	0.0659167	0.0
kayser=3/3	0.03	9	0.0659167	0.0
kistik=3/23	0.03	9	0.0659167	0.0
kit=3/5	0.03	9	0.0659167	0.0
kocaeli=3/3	0.03	9	0.0659167	0.0
kolesterol=3/3	0.03	9	0.0659167	0.0
komplikasyon=3/4	0.03	9	0.0659167	0.0
konma=3/3	0.03	9	0.0659167	0.0
koyarak=3/4	0.03	9	0.0659167	0.0
kriter=3/3	0.03	9	0.0659167	0.0
kronik=3/5	0.03	9	0.0659167	0.0
ktü=3/3	0.03	9	0.0659167	0.0
kullanmayan=3/5	0.03	9	0.0659167	0.0
kullanılabil=3/3	0.03	9	0.0659167	0.0
kullanılmak=3/3	0.03	9	0.0659167	0.0
kurtulma=3/4	0.03	9	0.0659167	0.0
kütahya=3/3	0.03	9	0.0659167	0.0
kütle=3/5	0.03	9	0.0659167	0.0
kırık=3/13	0.03	9	0.0659167	0.0
kıyas=3/3	0.03	9	0.0659167	0.0
leicester=3/3	0.03	9	0.0659167	0.0
loughborough=3/3	0.03	9	0.0659167	0.0
lösemi=3/10	0.03	9	0.0659167	0.0
mahal=3/10	0.03	9	0.0659167	0.0
manuel=3/5	0.03	9	0.0659167	0.0
meşrubat=3/3	0.03	9	0.0659167	0.0
mide=3/4	0.03	9	0.0659167	0.0
mount=3/3	0.03	9	0.0659167	0.0
muhammet=3/9	0.03	9	0.0659167	0.0
oturmak=3/3	0.03	9	0.0659167	0.0
oturmayan=3/3	0.03	9	0.0659167	0.0
parkinson=3/3	0.03	9	0.0659167	0.0
parkinsonun=3/3	0.03	9	0.0659167	0.0
protein=3/3	0.03	9	0.0659167	0.0
psikiyatri=3/5	0.03	9	0.0659167	0.0
rektör=3/3	0.03	9	0.0659167	0.0
riskli=3/5	0.03	9	0.0659167	0.0
sakarya=3/3	0.03	9	0.0659167	0.0
salgı=3/3	0.03	9	0.0659167	0.0
saptandık=3/3	0.03	9	0.0659167	0.0
sağlıksız=3/4	0.03	9	0.0659167	0.0
seçenek=6/6	0.06	3	0.0659167	0.0
soğuyan=3/3	0.03	9	0.0659167	0.0
sunmak=3/3	0.03	9	0.0659167	0.0
sözleşmeli=3/5	0.03	9	0.0659167	0.0
süreli=3/4	0.03	9	0.0659167	0.0
sıklık=3/3	0.03	9	0.0659167	0.0
sınıflandırma=3/7	0.03	9	0.0659167	0.0
taktir=3/3	0.03	9	0.0659167	0.0
terlememe=3/3	0.03	9	0.0659167	0.0
tetikleyen=3/3	0.03	9	0.0659167	0.0
tetkik=3/4	0.03	9	0.0659167	0.0
tokalaşma=3/3	0.03	9	0.0659167	0.0
tokat=3/3	0.03	9	0.0659167	0.0
tuz=3/8	0.03	9	0.0659167	0.0
tuzlu=3/7	0.03	9	0.0659167	0.0
tüketme=3/3	0.03	9	0.0659167	0.0
tıkanma=3/3	0.03	9	0.0659167	0.0
tırnak=3/17	0.03	9	0.0659167	0.0
ultrason=3/3	0.03	9	0.0659167	0.0
unutkanlık=3/5	0.03	9	0.0659167	0.0
uygulanma=3/4	0.03	9	0.0659167	0.0
uzama=3/3	0.03	9	0.0659167	0.0
uşak=3/3	0.03	9	0.0659167	0.0
varis=3/27	0.03	9	0.0659167	0.0
vitamin=3/3	0.03	9	0.0659167	0.0
yalova=3/4	0.03	9	0.0659167	0.0
yapılmadık=3/3	0.03	9	0.0659167	0.0
yavuz=3/5	0.03	9	0.0659167	0.0
yağlı=3/5	0.03	9	0.0659167	0.0
yaşandık=6/6	0.06	3	0.0659167	0.0
yaşlılık=3/3	0.03	9	0.0659167	0.0
yenidoğan=3/4	0.03	9	0.0659167	0.0
yumurta=3/3	0.03	9	0.0659167	0.0
yumurtalık=3/3	0.03	9	0.0659167	0.0
yürütülen=3/3	0.03	9	0.0659167	0.0
yıka=3/3	0.03	9	0.0659167	0.0
zahmetli=3/3	0.03	9	0.0659167	0.0
zar=3/3	0.03	9	0.0659167	0.0
zayıflanacak=3/3	0.03	9	0.0659167	0.0
çeşit=3/3	0.03	9	0.0659167	0.0
çikolata=3/6	0.03	9	0.0659167	0.0
öncelikli=3/3	0.03	9	0.0659167	0.0
öpüşme=3/3	0.03	9	0.0659167	0.0
öğle=3/3	0.03	9	0.0659167	0.0
ülkü=3/3	0.03	9	0.0659167	0.0
ürün=6/14	0.06	3	0.0659167	0.0
üşümemeye=3/3	0.03	9	0.0659167	0.0
ırk=3/3	0.03	9	0.0659167	0.0
ısınıp=3/3	0.03	9	0.0659167	0.0
şans=3/7	0.03	9	0.0659167	0.0
şaşırtan=3/4	0.03	9	0.0659167	0.0
şiddetli=3/3	0.03	9	0.0659167	0.0
şifa=3/3	0.03	9	0.0659167	0.0
şişmanlık=3/3	0.03	9	0.0659167	0.0
acar=4/21	0.04	4	0.0554518	0.0
ağ=4/4	0.04	4	0.0554518	0.0
bakı=4/8	0.04	4	0.0554518	0.0
balık=4/12	0.04	4	0.0554518	0.0
baz=4/4	0.04	4	0.0554518	0.0
bitir=4/5	0.04	4	0.0554518	0.0
davranma=4/4	0.04	4	0.0554518	0.0
gelebilecek=4/4	0.04	4	0.0554518	0.0
gelmek=4/4	0.04	4	0.0554518	0.0
görüldük=4/4	0.04	4	0.0554518	0.0
hayvan=4/5	0.04	4	0.0554518	0.0
kalite=4/7	0.04	4	0.0554518	0.0
kapak=4/4	0.04	4	0.0554518	0.0
kayıp=8/19	0.08	2	0.0554518	0.0
korunma=4/4	0.04	4	0.0554518	0.0
kök=4/16	0.04	4	0.0554518	0.0
maddi=4/4	0.04	4	0.0554518	0.0
maliyet=4/5	0.04	4	0.0554518	0.0
merkezi=4/4	0.04	4	0.0554518	0.0
oluşturma=4/4	0.04	4	0.0554518	0.0
parmak=4/5	0.04	4	0.0554518	0.0
polat=4/16	0.04	4	0.0554518	0.0
renk=4/5	0.04	4	0.0554518	0.0
sivas=4/6	0.04	4	0.0554518	0.0
soğuk=8/16	0.08	2	0.0554518	0.0
sürece=4/4	0.04	4	0.0554518	0.0
takdir=4/6	0.04	4	0.0554518	0.0
toplumsal=4/6	0.04	4	0.0554518	0.0
vermedik=4/4	0.04	4	0.0554518	0.0
yayımlanan=4/4	0.04	4	0.0554518	0.0
yürüten=4/4	0.04	4	0.0554518	0.0
çağ=8/14	0.08	2	0.0554518	0.0
çoklu=4/11	0.04	4	0.0554518	0.0
öldürme=4/4	0.04	4	0.0554518	0.0
ısınma=4/9	0.04	4	0.0554518	0.0
şikayet=8/10	0.08	2	0.0554518	0.0
arttığını=5/5	0.05	3	0.0549306	0.0
bekleyen=5/6	0.05	3	0.0549306	0.0
cihan=5/5	0.05	3	0.0549306	0.0
dedik=5/9	0.05	3	0.0549306	0.0
din=5/5	0.05	3	0.0549306	0.0
dördüncü=5/5	0.05	3	0.0549306	0.0
hasa=5/15	0.05	3	0.0549306	0.0
içerik=5/5	0.05	3	0.0549306	0.0
karadeniz=5/5	0.05	3	0.0549306	0.0
korku=5/15	0.05	3	0.0549306	0.0
oturma=5/5	0.05	3	0.0549306	0.0
vurgulayarak=5/5	0.05	3	0.0549306	0.0
yara=5/10	0.05	3	0.0549306	0.0
çekerek=5/5	0.05	3	0.0549306	0.0
altyapı=7/7	0.07	2	0.0485203	0.0
bildiren=7/13	0.07	2	0.0485203	0.0
modern=7/7	0.07	2	0.0485203	0.0
müdahale=7/15	0.07	2	0.0485203	0.0
operasyon=7/14	0.07	2	0.0485203	0.0
ab=4/4	0.04	3	0.0439445	0.0
anket=4/4	0.04	3	0.0439445	0.0
aşama=4/6	0.04	3	0.0439445	0.0
bilin=4/4	0.04	3	0.0439445	0.0
büyü=4/5	0.04	3	0.0439445	0.0
ders=4/7	0.04	3	0.0439445	0.0
düzenlenme=4/4	0.04	3	0.0439445	0.0
güçlük=4/4	0.04	3	0.0439445	0.0
gıda=4/13	0.04	3	0.0439445	0.0
heyet=4/4	0.04	3	0.0439445	0.0
ihtimal=4/6	0.04	3	0.0439445	0.0
ince=4/5	0.04	3	0.0439445	0.0
izleme=4/5	0.04	3	0.0439445	0.0
kaybettik=4/4	0.04	3	0.0439445	0.0
kol=4/6	0.04	3	0.0439445	0.0
konya=4/6	0.04	3	0.0439445	0.0
kullanıldık=4/6	0.04	3	0.0439445	0.0
profesyonel=4/6	0.04	3	0.0439445	0.0
ter=4/10	0.04	3	0.0439445	0.0
the=4/4	0.04	3	0.0439445	0.0
yakın=4/5	0.04	3	0.0439445	0.0
yapama=4/4	0.04	3	0.0439445	0.0
çekil=4/4	0.04	3	0.0439445	0.0
öl=4/6	0.04	3	0.0439445	0.0
ürettik=4/8	0.04	3	0.0439445	0.0
acil=6/6	0.06	2	0.0415888	0.0
aktaran=3/3	0.03	4	0.0415888	0.0
aktif=3/3	0.03	4	0.0415888	0.0
alternatif=3/3	0.03	4	0.0415888	0.0
anlatmak=3/4	0.03	4	0.0415888	0.0
açıldık=3/3	0.03	4	0.0415888	0.0
bakma=3/3	0.03	4	0.0415888	0.0
bardak=3/6	0.03	4	0.0415888	0.0
bay=3/3	0.03	4	0.0415888	0.0
belirlenme=3/3	0.03	4	0.0415888	0.0
beyin=3/4	0.03	4	0.0415888	0.0
birikim=3/3	0.03	4	0.0415888	0.0
bitme=3/3	0.03	4	0.0415888	0.0
bulabil=3/3	0.03	4	0.0415888	0.0
ciddiyet=3/3	0.03	4	0.0415888	0.0
cihaz=6/29	0.06	2	0.0415888	0.0
civar=6/8	0.06	2	0.0415888	0.0
denizli=3/6	0.03	4	0.0415888	0.0
dilek=3/9	0.03	4	0.0415888	0.0
duvar=6/6	0.06	2	0.0415888	0.0
esna=3/5	0.03	4	0.0415888	0.0
ettirme=3/3	0.03	4	0.0415888	0.0
eğilim=3/7	0.03	4	0.0415888	0.0
gelişmek=3/5	0.03	4	0.0415888	0.0
geçerek=3/3	0.03	4	0.0415888	0.0
gönderme=3/3	0.03	4	0.0415888	0.0
gösteren=6/7	0.06	2	0.0415888	0.0
hastanesi=3/4	0.03	4	0.0415888	0.0
idari=3/6	0.03	4	0.0415888	0.0
ilhan=3/5	0.03	4	0.0415888	0.0
izlemek=3/3	0.03	4	0.0415888	0.0
kaldırdık=3/3	0.03	4	0.0415888	0.0
kalmak=3/3	0.03	4	0.0415888	0.0
kesil=3/5	0.03	4	0.0415888	0.0
kesilen=3/4	0.03	4	0.0415888	0.0
koordinasyon=3/3	0.03	4	0.0415888	0.0
koyduk=3/3	0.03	4	0.0415888	0.0
kriz=6/9	0.06	2	0.0415888	0.0
kullanıl=6/6	0.06	2	0.0415888	0.0
mersi=3/4	0.03	4	0.0415888	0.0
mustafa=6/13	0.06	2	0.0415888	0.0
nefes=3/4	0.03	4	0.0415888	0.0
of=6/8	0.06	2	0.0415888	0.0
olgu=3/6	0.03	4	0.0415888	0.0
onay=3/6	0.03	4	0.0415888	0.0
oturan=3/3	0.03	4	0.0415888	0.0
psikolojik=3/3	0.03	4	0.0415888	0.0
ramazan=3/4	0.03	4	0.0415888	0.0
saç=3/5	0.03	4	0.0415888	0.0
sekreter=3/9	0.03	4	0.0415888	0.0
tamamlan=3/3	0.03	4	0.0415888	0.0
taşıyan=3/5	0.03	4	0.0415888	0.0
test=6/47	0.06	2	0.0415888	0.0
ulaşama=3/4	0.03	4	0.0415888	0.0
uyku=3/6	0.03	4	0.0415888	0.0
veli=3/7	0.03	4	0.0415888	0.0
veri=6/7	0.06	2	0.0415888	0.0
virüs=3/5	0.03	4	0.0415888	0.0
vural=3/3	0.03	4	0.0415888	0.0
yalçın=3/5	0.03	4	0.0415888	0.0
yarama=3/5	0.03	4	0.0415888	0.0
yeşil=3/4	0.03	4	0.0415888	0.0
çizen=3/3	0.03	4	0.0415888	0.0
çoğunluk=6/6	0.06	2	0.0415888	0.0
ömür=3/4	0.03	4	0.0415888	0.0
öncü=3/3	0.03	4	0.0415888	0.0
öngörül=3/6	0.03	4	0.0415888	0.0
öykü=3/4	0.03	4	0.0415888	0.0
öztürk=3/14	0.03	4	0.0415888	0.0
şansı=6/8	0.06	2	0.0415888	0.0
antalya=5/5	0.05	2	0.0346574	0.0
aralık=5/5	0.05	2	0.0346574	0.0
asıl=5/5	0.05	2	0.0346574	0.0
bayram=5/11	0.05	2	0.0346574	0.0
başlama=5/7	0.05	2	0.0346574	0.0
benze=5/5	0.05	2	0.0346574	0.0
cinsel=5/8	0.05	2	0.0346574	0.0
düzenleme=5/9	0.05	2	0.0346574	0.0
giden=5/5	0.05	2	0.0346574	0.0
güve=5/6	0.05	2	0.0346574	0.0
personel=5/7	0.05	2	0.0346574	0.0
piyasa=5/5	0.05	2	0.0346574	0.0
üretim=5/10	0.05	2	0.0346574	0.0
ışık=5/5	0.05	2	0.0346574	0.0
afrika=3/4	0.03	3	0.0329584	0.0
alınarak=3/3	0.03	3	0.0329584	0.0
artış=3/5	0.03	3	0.0329584	0.0
açan=3/3	0.03	3	0.0329584	0.0
başar=3/3	0.03	3	0.0329584	0.0
başlan=3/3	0.03	3	0.0329584	0.0
başlayacak=3/3	0.03	3	0.0329584	0.0
bilgisayar=3/3	0.03	3	0.0329584	0.0
biçim=3/4	0.03	3	0.0329584	0.0
bozma=3/3	0.03	3	0.0329584	0.0
coğrafya=3/3	0.03	3	0.0329584	0.0
david=3/3	0.03	3	0.0329584	0.0
dolu=3/3	0.03	3	0.0329584	0.0
düzen=3/3	0.03	3	0.0329584	0.0
edeme=3/3	0.03	3	0.0329584	0.0
elazığ=3/3	0.03	3	0.0329584	0.0
elektronik=3/5	0.03	3	0.0329584	0.0
endişe=3/3	0.03	3	0.0329584	0.0
eskişehir=3/3	0.03	3	0.0329584	0.0
etap=3/3	0.03	3	0.0329584	0.0
fazla=3/3	0.03	3	0.0329584	0.0
gaz=3/4	0.03	3	0.0329584	0.0
getirerek=3/4	0.03	3	0.0329584	0.0
hatırlat=3/3	0.03	3	0.0329584	0.0
hatırlatan=3/3	0.03	3	0.0329584	0.0
ispanya=3/6	0.03	3	0.0329584	0.0
itibar=3/3	0.03	3	0.0329584	0.0
kahve=3/42	0.03	3	0.0329584	0.0
kalk=3/3	0.03	3	0.0329584	0.0
kavram=3/3	0.03	3	0.0329584	0.0
kesim=3/5	0.03	3	0.0329584	0.0
koltuk=3/3	0.03	3	0.0329584	0.0
kural=3/3	0.03	3	0.0329584	0.0
kırmız=3/5	0.03	3	0.0329584	0.0
murat=3/5	0.03	3	0.0329584	0.0
olmalı=3/3	0.03	3	0.0329584	0.0
osman=3/7	0.03	3	0.0329584	0.0
sağ=3/5	0.03	3	0.0329584	0.0
standart=3/3	0.03	3	0.0329584	0.0
söylüyor=3/4	0.03	3	0.0329584	0.0
tane=3/3	0.03	3	0.0329584	0.0
tutulma=3/3	0.03	3	0.0329584	0.0
vererek=3/4	0.03	3	0.0329584	0.0
yaklaşım=3/6	0.03	3	0.0329584	0.0
yapılacak=3/6	0.03	3	0.0329584	0.0
yatırım=3/3	0.03	3	0.0329584	0.0
yayımlan=3/3	0.03	3	0.0329584	0.0
özdemir=3/5	0.03	3	0.0329584	0.0
alın=4/6	0.04	2	0.0277259	0.0
artan=4/4	0.04	2	0.0277259	0.0
ayrılan=4/4	0.04	2	0.0277259	0.0
bur=4/5	0.04	2	0.0277259	0.0
bölü=4/4	0.04	2	0.0277259	0.0
büyüme=4/4	0.04	2	0.0277259	0.0
ekim=4/5	0.04	2	0.0277259	0.0
enerji=4/7	0.04	2	0.0277259	0.0
faruk=4/6	0.04	2	0.0277259	0.0
gerekli=4/4	0.04	2	0.0277259	0.0
geçiş=4/7	0.04	2	0.0277259	0.0
kamu=4/30	0.04	2	0.0277259	0.0
kazandık=4/6	0.04	2	0.0277259	0.0
mevcut=4/5	0.04	2	0.0277259	0.0
rahat=4/5	0.04	2	0.0277259	0.0
savaş=4/6	0.04	2	0.0277259	0.0
savun=4/4	0.04	2	0.0277259	0.0
sağlan=4/4	0.04	2	0.0277259	0.0
tip=4/7	0.04	2	0.0277259	0.0
türlü=4/4	0.04	2	0.0277259	0.0
uç=4/6	0.04	2	0.0277259	0.0
yılma=4/8	0.04	2	0.0277259	0.0
atan=3/3	0.03	2	0.0207944	0.0
aylık=3/5	0.03	2	0.0207944	0.0
aziz=3/3	0.03	2	0.0207944	0.0
baktık=3/7	0.03	2	0.0207944	0.0
bat=3/3	0.03	2	0.0207944	0.0
bağlantı=3/4	0.03	2	0.0207944	0.0
başlat=3/4	0.03	2	0.0207944	0.0
bilme=3/3	0.03	2	0.0207944	0.0
bulunmadık=3/3	0.03	2	0.0207944	0.0
diyarbakır=3/3	0.03	2	0.0207944	0.0
düzenle=3/3	0.03	2	0.0207944	0.0
ekonomik=3/3	0.03	2	0.0207944	0.0
elektrik=3/15	0.03	2	0.0207944	0.0
eşlik=3/3	0.03	2	0.0207944	0.0
geçirdik=3/3	0.03	2	0.0207944	0.0
kapasite=3/3	0.03	2	0.0207944	0.0
kurulan=3/3	0.03	2	0.0207944	0.0
liste=3/9	0.03	2	0.0207944	0.0
mart=3/3	0.03	2	0.0207944	0.0
mutluluk=3/3	0.03	2	0.0207944	0.0
olmama=3/3	0.03	2	0.0207944	0.0
oluşturduk=3/3	0.03	2	0.0207944	0.0
pay=3/3	0.03	2	0.0207944	0.0
servis=3/3	0.03	2	0.0207944	0.0
teknoloji=3/6	0.03	2	0.0207944	0.0
ten=3/4	0.03	2	0.0207944	0.0
umut=3/4	0.03	2	0.0207944	0.0
uzak=3/3	0.03	2	0.0207944	0.0
vakıf=3/4	0.03	2	0.0207944	0.0
verecek=3/3	0.03	2	0.0207944	0.0
verildik=3/3	0.03	2	0.0207944	0.0
çap=3/3	0.03	2	0.0207944	0.0
çektik=3/3	0.03	2	0.0207944	0.0
çelik=3/10	0.03	2	0.0207944	0.0
çıkarma=3/3	0.03	2	0.0207944	0.0
şahin=3/5	0.03	2	0.0207944	0.0
aa=30/36	0.3	1	0	0.0
abd=17/23	0.17	1	0	0.0
ad=9/13	0.09	1	0	0.0
ada=4/4	0.04	1	0	0.0
adam=7/8	0.07	1	0	0.0
adlı=6/14	0.06	1	0	0.0
ahmet=6/12	0.06	1	0	0.0
aile=21/59	0.21	1	0	0.0
ait=3/6	0.03	1	0	0.0
ak=6/7	0.06	1	0	0.0
aktar=3/3	0.03	1	0	0.0
akşam=6/8	0.06	1	0	0.0
al=22/29	0.22	1	0	0.0
alacak=3/3	0.03	1	0	0.0
alan=18/25	0.18	1	0	0.0
aldık=11/15	0.11	1	0	0.0
ali=8/15	0.08	1	0	0.0
alma=12/14	0.12	1	0	0.0
alt=15/22	0.15	1	0	0.0
alınan=9/10	0.09	1	0	0.0
alındık=8/8	0.08	1	0	0.0
alınma=3/7	0.03	1	0	0.0
alıp=4/4	0.04	1	0	0.0
amacı=9/14	0.09	1	0	0.0
amerika=4/5	0.04	1	0	0.0
an=27/31	0.27	1	0	0.0
anadolu=4/5	0.04	1	0	0.0
ankara=11/16	0.11	1	0	0.0
anlam=9/9	0.09	1	0	0.0
anlat=18/20	0.18	1	0	0.0
anlatan=19/23	0.19	1	0	0.0
anne=15/37	0.15	1	0	0.0
ar=3/5	0.03	1	0	0.0
ara=37/51	0.37	1	0	0.0
araştırma=28/74	0.28	1	0	0.0
arkadaş=6/9	0.06	1	0	0.0
art=15/19	0.15	1	0	0.0
at=5/9	0.05	1	0	0.0
avrupa=9/15	0.09	1	0	0.0
ay=14/30	0.14	1	0	0.0
ayak=8/9	0.08	1	0	0.0
ayn=20/29	0.2	1	0	0.0
ayrı=6/11	0.06	1	0	0.0
aç=10/10	0.1	1	0	0.0
açı=12/17	0.12	1	0	0.0
açık=4/4	0.04	1	0	0.0
açıklama=30/49	0.3	1	0	0.0
ağır=4/4	0.04	1	0	0.0
baba=8/14	0.08	1	0	0.0
bak=4/5	0.04	1	0	0.0
bakan=4/5	0.04	1	0	0.0
bakanlık=11/25	0.11	1	0	0.0
bakanlığı=10/10	0.1	1	0	0.0
bas=6/8	0.06	1	0	0.0
baskı=4/10	0.04	1	0	0.0
bağlı=16/25	0.16	1	0	0.0
baş=28/42	0.28	1	0	0.0
başarı=4/5	0.04	1	0	0.0
başarılı=9/18	0.09	1	0	0.0
başka=40/51	0.4	1	0	0.0
başkanlık=4/4	0.04	1	0	0.0
başla=8/11	0.08	1	0	0.0
başladık=15/15	0.15	1	0	0.0
başlayan=7/7	0.07	1	0	0.0
belirlen=6/7	0.06	1	0	0.0
belirt=25/25	0.25	1	0	0.0
belirten=25/30	0.25	1	0	0.0
belirterek=15/17	0.15	1	0	0.0
belirtil=6/6	0.06	1	0	0.0
belli=6/6	0.06	1	0	0.0
beraber=3/3	0.03	1	0	0.0
bildir=17/31	0.17	1	0	0.0
bildiril=9/10	0.09	1	0	0.0
bilgi=17/31	0.17	1	0	0.0
bili=21/29	0.21	1	0	0.0
biraz=7/8	0.07	1	0	0.0
birbiri=3/4	0.03	1	0	0.0
birinci=8/8	0.08	1	0	0.0
birlik=27/75	0.27	1	0	0.0
boy=10/15	0.1	1	0	0.0
bugün=5/18	0.05	1	0	0.0
bul=14/16	0.14	1	0	0.0
bulun=12/16	0.12	1	0	0.0
bulunan=12/15	0.12	1	0	0.0
bulunduk=11/15	0.11	1	0	0.0
bulunma=7/8	0.07	1	0	0.0
bura=3/3	0.03	1	0	0.0
bölge=7/9	0.07	1	0	0.0
bölüm=5/6	0.05	1	0	0.0
bülent=3/3	0.03	1	0	0.0
büyük=31/42	0.31	1	0	0.0
canlı=8/29	0.08	1	0	0.0
cep=5/15	0.05	1	0	0.0
ciddi=14/27	0.14	1	0	0.0
dahil=5/7	0.05	1	0	0.0
dakika=7/10	0.07	1	0	0.0
derece=8/10	0.08	1	0	0.0
dergi=11/11	0.11	1	0	0.0
dernek=12/24	0.12	1	0	0.0
destek=6/8	0.06	1	0	0.0
deva=22/23	0.22	1	0	0.0
devir=3/3	0.03	1	0	0.0
devlet=3/5	0.03	1	0	0.0
değerlendirme=4/5	0.04	1	0	0.0
değiş=6/8	0.06	1	0	0.0
değişiklik=10/13	0.1	1	0	0.0
dikkat=37/63	0.37	1	0	0.0
dil=22/32	0.22	1	0	0.0
diyen=3/3	0.03	1	0	0.0
diyerek=3/3	0.03	1	0	0.0
do=4/7	0.04	1	0	0.0
doktor=18/35	0.18	1	0	0.0
doğal=7/8	0.07	1	0	0.0
doğru=12/15	0.12	1	0	0.0
doğu=11/24	0.11	1	0	0.0
duru=20/44	0.2	1	0	0.0
durum=19/29	0.19	1	0	0.0
dön=3/4	0.03	1	0	0.0
dönem=19/31	0.19	1	0	0.0
dönüş=3/3	0.03	1	0	0.0
dün=3/3	0.03	1	0	0.0
dünya=40/102	0.4	1	0	0.0
düzenlenen=6/9	0.06	1	0	0.0
düzey=4/4	0.04	1	0	0.0
düş=10/11	0.1	1	0	0.0
düşen=3/5	0.03	1	0	0.0
düştük=4/4	0.04	1	0	0.0
düşün=7/7	0.07	1	0	0.0
dış=16/24	0.16	1	0	0.0
edil=8/10	0.08	1	0	0.0
edildik=9/12	0.09	1	0	0.0
edilen=19/30	0.19	1	0	0.0
ek=3/3	0.03	1	0	0.0
ekip=11/15	0.11	1	0	0.0
ekle=5/5	0.05	1	0	0.0
ekonomi=3/3	0.03	1	0	0.0
el=24/36	0.24	1	0	0.0
er=11/19	0.11	1	0	0.0
erkek=7/12	0.07	1	0	0.0
eski=4/6	0.04	1	0	0.0
et=21/67	0.21	1	0	0.0
etki=19/30	0.19	1	0	0.0
etkili=4/4	0.04	1	0	0.0
etkinlik=9/15	0.09	1	0	0.0
etme=12/14	0.12	1	0	0.0
etmek=8/9	0.08	1	0	0.0
ettik=6/6	0.06	1	0	0.0
ev=7/15	0.07	1	0	0.0
eylül=3/3	0.03	1	0	0.0
eğitim=16/34	0.16	1	0	0.0
eş=5/9	0.05	1	0	0.0
faaliyet=7/11	0.07	1	0	0.0
fark=6/8	0.06	1	0	0.0
farklı=12/19	0.12	1	0	0.0
fatih=3/3	0.03	1	0	0.0
faz=36/57	0.36	1	0	0.0
fikir=3/3	0.03	1	0	0.0
film=4/7	0.04	1	0	0.0
firma=4/5	0.04	1	0	0.0
fiyat=3/3	0.03	1	0	0.0
fotoğraf=3/3	0.03	1	0	0.0
gazeteci=3/12	0.03	1	0	0.0
gel=18/20	0.18	1	0	0.0
geldik=12/12	0.12	1	0	0.0
gelecek=16/19	0.16	1	0	0.0
gelen=17/22	0.17	1	0	0.0
geliş=11/13	0.11	1	0	0.0
gelişme=11/16	0.11	1	0	0.0
gelme=12/14	0.12	1	0	0.0
genel=18/30	0.18	1	0	0.0
genç=3/3	0.03	1	0	0.0
gerek=15/37	0.15	1	0	0.0
gereken=8/8	0.08	1	0	0.0
gerektik=24/34	0.24	1	0	0.0
gerekçe=3/3	0.03	1	0	0.0
geri=7/7	0.07	1	0	0.0
gerçek=7/7	0.07	1	0	0.0
getir=19/19	0.19	1	0	0.0
getiren=14/19	0.14	1	0	0.0
geç=6/9	0.06	1	0	0.0
geçen=8/12	0.08	1	0	0.0
geçme=4/4	0.04	1	0	0.0
geçmiş=7/7	0.07	1	0	0.0
geçtik=5/6	0.05	1	0	0.0
gir=3/5	0.03	1	0	0.0
girme=4/4	0.04	1	0	0.0
git=6/8	0.06	1	0	0.0
gitme=6/6	0.06	1	0	0.0
gittik=4/4	0.04	1	0	0.0
grup=12/22	0.12	1	0	0.0
gör=4/5	0.04	1	0	0.0
gördük=3/5	0.03	1	0	0.0
gören=5/10	0.05	1	0	0.0
görev=9/19	0.09	1	0	0.0
görme=6/17	0.06	1	0	0.0
görül=7/8	0.07	1	0	0.0
görülen=13/21	0.13	1	0	0.0
görüntü=3/5	0.03	1	0	0.0
görüşme=3/3	0.03	1	0	0.0
göster=12/17	0.12	1	0	0.0
göz=18/30	0.18	1	0	0.0
gün=31/51	0.31	1	0	0.0
gündem=3/3	0.03	1	0	0.0
güneş=4/4	0.04	1	0	0.0
güvenlik=6/10	0.06	1	0	0.0
güzel=3/3	0.03	1	0	0.0
güç=6/6	0.06	1	0	0.0
haber=6/14	0.06	1	0	0.0
haf=4/6	0.04	1	0	0.0
hafta=12/18	0.12	1	0	0.0
hak=11/12	0.11	1	0	0.0
hal=33/61	0.33	1	0	0.0
halk=12/15	0.12	1	0	0.0
hareket=6/13	0.06	1	0	0.0
hastane=26/98	0.26	1	0	0.0
hav=4/4	0.04	1	0	0.0
hava=4/8	0.04	1	0	0.0
hayat=32/48	0.32	1	0	0.0
hazırladık=3/3	0.03	1	0	0.0
hedef=6/6	0.06	1	0	0.0
hemen=4/6	0.04	1	0	0.0
hizmet=11/66	0.11	1	0	0.0
hız=5/9	0.05	1	0	0.0
ifade=43/74	0.43	1	0	0.0
ihtiyaç=13/21	0.13	1	0	0.0
ikinci=6/13	0.06	1	0	0.0
il=7/11	0.07	1	0	0.0
ileri=10/11	0.1	1	0	0.0
iletiş=3/6	0.03	1	0	0.0
ilgi=4/5	0.04	1	0	0.0
ilişki=12/18	0.12	1	0	0.0
ilk=17/29	0.17	1	0	0.0
imkan=4/4	0.04	1	0	0.0
in=6/9	0.06	1	0	0.0
ingiltere=5/5	0.05	1	0	0.0
insan=29/55	0.29	1	0	0.0
isimli=3/3	0.03	1	0	0.0
istanbul=8/20	0.08	1	0	0.0
iste=6/9	0.06	1	0	0.0
iy=4/6	0.04	1	0	0.0
iyi=21/41	0.21	1	0	0.0
iz=5/12	0.05	1	0	0.0
izmir=7/13	0.07	1	0	0.0
iç=23/45	0.23	1	0	0.0
içeri=10/14	0.1	1	0	0.0
iş=25/42	0.25	1	0	0.0
işaret=21/28	0.21	1	0	0.0
işlem=7/16	0.07	1	0	0.0
kabul=6/6	0.06	1	0	0.0
kadı=15/23	0.15	1	0	0.0
kadın=14/38	0.14	1	0	0.0
kal=11/18	0.11	1	0	0.0
kalan=7/7	0.07	1	0	0.0
kaldık=7/8	0.07	1	0	0.0
kalma=9/11	0.09	1	0	0.0
kampanya=4/7	0.04	1	0	0.0
kapalı=4/4	0.04	1	0	0.0
kapsam=3/3	0.03	1	0	0.0
kar=10/11	0.1	1	0	0.0
karşı=16/36	0.16	1	0	0.0
karşılık=4/4	0.04	1	0	0.0
kas=17/26	0.17	1	0	0.0
kat=11/13	0.11	1	0	0.0
katkı=6/9	0.06	1	0	0.0
kaybet=4/4	0.04	1	0	0.0
kaydeden=6/6	0.06	1	0	0.0
kaydedil=3/3	0.03	1	0	0.0
kaydet=29/35	0.29	1	0	0.0
kaynak=4/4	0.04	1	0	0.0
kayıt=4/8	0.04	1	0	0.0
kent=7/7	0.07	1	0	0.0
kes=7/19	0.07	1	0	0.0
kişi=46/75	0.46	1	0	0.0
kolay=3/3	0.03	1	0	0.0
kontrol=5/7	0.05	1	0	0.0
konu=34/55	0.34	1	0	0.0
konuş=36/52	0.36	1	0	0.0
konuşan=8/8	0.08	1	0	0.0
konuşma=3/4	0.03	1	0	0.0
koy=7/8	0.07	1	0	0.0
kullan=9/12	0.09	1	0	0.0
kullanan=6/8	0.06	1	0	0.0
kullandık=6/7	0.06	1	0	0.0
kullanmak=4/4	0.04	1	0	0.0
kur=7/11	0.07	1	0	0.0
kurban=6/41	0.06	1	0	0.0
kurulu=4/4	0.04	1	0	0.0
kuruluş=6/13	0.06	1	0	0.0
kuzey=4/6	0.04	1	0	0.0
kötü=6/29	0.06	1	0	0.0
kültür=6/9	0.06	1	0	0.0
küçük=11/17	0.11	1	0	0.0
kıs=4/4	0.04	1	0	0.0
kısım=9/9	0.09	1	0	0.0
kız=5/9	0.05	1	0	0.0
lazım=4/4	0.04	1	0	0.0
madde=3/12	0.03	1	0	0.0
medya=6/6	0.06	1	0	0.0
mehmet=7/20	0.07	1	0	0.0
merkez=16/43	0.16	1	0	0.0
meydan=7/15	0.07	1	0	0.0
milyon=10/24	0.1	1	0	0.0
model=3/3	0.03	1	0	0.0
muhabir=18/18	0.18	1	0	0.0
mutlu=3/4	0.03	1	0	0.0
mücadele=10/14	0.1	1	0	0.0
müdür=12/16	0.12	1	0	0.0
müdürlük=4/4	0.04	1	0	0.0
mümkün=18/24	0.18	1	0	0.0
new=4/4	0.04	1	0	0.0
nokta=9/13	0.09	1	0	0.0
oda=4/4	0.04	1	0	0.0
okul=11/32	0.11	1	0	0.0
ol=26/48	0.26	1	0	0.0
olabil=24/29	0.24	1	0	0.0
olacak=13/15	0.13	1	0	0.0
olay=5/15	0.05	1	0	0.0
olduk=22/27	0.22	1	0	0.0
oldukça=3/3	0.03	1	0	0.0
olma=21/28	0.21	1	0	0.0
olmadık=15/16	0.15	1	0	0.0
oluş=6/6	0.06	1	0	0.0
oluşan=8/10	0.08	1	0	0.0
oluştur=6/14	0.06	1	0	0.0
ora=13/32	0.13	1	0	0.0
oran=10/17	0.1	1	0	0.0
orta=39/62	0.39	1	0	0.0
program=5/5	0.05	1	0	0.0
proje=4/6	0.04	1	0	0.0
rakam=3/3	0.03	1	0	0.0
rapor=4/10	0.04	1	0	0.0
rol=3/4	0.03	1	0	0.0
saat=9/12	0.09	1	0	0.0
sabah=4/4	0.04	1	0	0.0
sahip=10/20	0.1	1	0	0.0
salon=3/3	0.03	1	0	0.0
satış=4/4	0.04	1	0	0.0
say=4/6	0.04	1	0	0.0
saye=9/16	0.09	1	0	0.0
sayı=23/44	0.23	1	0	0.0
sağla=7/8	0.07	1	0	0.0
sağlayan=3/3	0.03	1	0	0.0
sağlık=46/122	0.46	1	0	0.0
sebep=18/26	0.18	1	0	0.0
ses=3/3	0.03	1	0	0.0
seviye=11/11	0.11	1	0	0.0
silah=3/5	0.03	1	0	0.0
sistem=16/33	0.16	1	0	0.0
sokak=4/4	0.04	1	0	0.0
sonuç=25/51	0.25	1	0	0.0
sor=10/13	0.1	1	0	0.0
soru=17/20	0.17	1	0	0.0
sorumluluk=5/5	0.05	1	0	0.0
sorun=14/15	0.14	1	0	0.0
sosyal=7/9	0.07	1	0	0.0
spor=5/14	0.05	1	0	0.0
su=10/32	0.1	1	0	0.0
sunduk=3/3	0.03	1	0	0.0
söyle=48/68	0.48	1	0	0.0
söyleyen=6/9	0.06	1	0	0.0
söz=12/13	0.12	1	0	0.0
sür=16/22	0.16	1	0	0.0
süre=6/6	0.06	1	0	0.0
süreci=4/5	0.04	1	0	0.0
sürekli=5/5	0.05	1	0	0.0
süren=6/7	0.06	1	0	0.0
süreç=5/5	0.05	1	0	0.0
sıcak=8/8	0.08	1	0	0.0
sıkıntı=11/13	0.11	1	0	0.0
sır=7/8	0.07	1	0	0.0
sıra=5/5	0.05	1	0	0.0
tabii=3/3	0.03	1	0	0.0
tahmin=8/10	0.08	1	0	0.0
takip=8/18	0.08	1	0	0.0
talep=3/3	0.03	1	0	0.0
tam=12/12	0.12	1	0	0.0
tamamen=8/10	0.08	1	0	0.0
tan=5/15	0.05	1	0	0.0
tanı=6/9	0.06	1	0	0.0
tarih=12/18	0.12	1	0	0.0
taş=8/9	0.08	1	0	0.0
tehdit=3/7	0.03	1	0	0.0
tehlike=3/6	0.03	1	0	0.0
tek=10/13	0.1	1	0	0.0
teknik=14/28	0.14	1	0	0.0
tekrar=6/6	0.06	1	0	0.0
telefon=5/15	0.05	1	0	0.0
televizyon=6/9	0.06	1	0	0.0
tepki=5/9	0.05	1	0	0.0
tercih=9/13	0.09	1	0	0.0
tespit=15/38	0.15	1	0	0.0
tl=3/5	0.03	1	0	0.0
topla=6/8	0.06	1	0	0.0
toplantı=7/7	0.07	1	0	0.0
toplu=7/18	0.07	1	0	0.0
tür=15/20	0.15	1	0	0.0
türk=6/30	0.06	1	0	0.0
türkiye=28/73	0.28	1	0	0.0
ulaş=3/3	0.03	1	0	0.0
ulaşma=3/3	0.03	1	0	0.0
ulusal=13/14	0.13	1	0	0.0
uluslararası=4/5	0.04	1	0	0.0
uyarı=4/5	0.04	1	0	0.0
uygulama=13/21	0.13	1	0	0.0
uygun=10/15	0.1	1	0	0.0
uz=11/15	0.11	1	0	0.0
uzman=28/36	0.28	1	0	0.0
vatandaş=6/15	0.06	1	0	0.0
ver=27/29	0.27	1	0	0.0
verdik=16/20	0.16	1	0	0.0
veren=8/8	0.08	1	0	0.0
veril=3/10	0.03	1	0	0.0
verilen=5/5	0.05	1	0	0.0
verilme=3/4	0.03	1	0	0.0
verme=14/18	0.14	1	0	0.0
vermek=3/3	0.03	1	0	0.0
vurgulayan=19/25	0.19	1	0	0.0
yak=20/29	0.2	1	0	0.0
yakala=3/3	0.03	1	0	0.0
yaklaşık=11/20	0.11	1	0	0.0
yan=9/12	0.09	1	0	0.0
yanıt=3/4	0.03	1	0	0.0
yap=16/21	0.16	1	0	0.0
yapan=10/14	0.1	1	0	0.0
yaparak=6/7	0.06	1	0	0.0
yapma=5/6	0.05	1	0	0.0
yaptık=7/7	0.07	1	0	0.0
yapı=7/16	0.07	1	0	0.0
yapıl=22/30	0.22	1	0	0.0
yapıldık=7/9	0.07	1	0	0.0
yapılma=12/18	0.12	1	0	0.0
yar=8/12	0.08	1	0	0.0
yardımcı=10/10	0.1	1	0	0.0
yarı=5/6	0.05	1	0	0.0
yay=3/3	0.03	1	0	0.0
yaz=5/6	0.05	1	0	0.0
yazılı=7/7	0.07	1	0	0.0
yaş=22/54	0.22	1	0	0.0
yaşa=20/38	0.2	1	0	0.0
yaşadık=11/13	0.11	1	0	0.0
yaşam=7/7	0.07	1	0	0.0
yaşan=4/5	0.04	1	0	0.0
yaşanan=5/7	0.05	1	0	0.0
yaşayan=5/6	0.05	1	0	0.0
ye=27/44	0.27	1	0	0.0
yen=22/47	0.22	1	0	0.0
yeni=6/7	0.06	1	0	0.0
yer=21/33	0.21	1	0	0.0
yeterli=13/15	0.13	1	0	0.0
yok=15/21	0.15	1	0	0.0
yol=27/33	0.27	1	0	0.0
yoğ=8/15	0.08	1	0	0.0
yurt=6/9	0.06	1	0	0.0
yön=12/13	0.12	1	0	0.0
yönelik=10/13	0.1	1	0	0.0
yönetim=4/8	0.04	1	0	0.0
yöntem=23/52	0.23	1	0	0.0
yük=19/45	0.19	1	0	0.0
yıl=53/128	0.53	1	0	0.0
yıllık=4/6	0.04	1	0	0.0
zaman=38/63	0.38	1	0	0.0
zarar=7/11	0.07	1	0	0.0
zor=15/22	0.15	1	0	0.0
çalış=9/16	0.09	1	0	0.0
çalışan=9/13	0.09	1	0	0.0
çalışma=33/72	0.33	1	0	0.0
çalıştık=4/4	0.04	1	0	0.0
çek=14/16	0.14	1	0	0.0
çeken=18/22	0.18	1	0	0.0
çevre=7/9	0.07	1	0	0.0
çeşitli=10/12	0.1	1	0	0.0
çocuk=30/109	0.3	1	0	0.0
çöz=4/6	0.04	1	0	0.0
çık=18/24	0.18	1	0	0.0
çıkan=10/10	0.1	1	0	0.0
çıkma=5/5	0.05	1	0	0.0
çıktık=7/8	0.07	1	0	0.0
çıkış=3/3	0.03	1	0	0.0
ödül=3/3	0.03	1	0	0.0
ölü=16/49	0.16	1	0	0.0
ömer=4/5	0.04	1	0	0.0
önem=12/18	0.12	1	0	0.0
önemli=35/64	0.35	1	0	0.0
örnek=7/10	0.07	1	0	0.0
özel=12/22	0.12	1	0	0.0
özellik=23/34	0.23	1	0	0.0
öğrenci=3/12	0.03	1	0	0.0
ülke=24/58	0.24	1	0	0.0
ün=4/4	0.04	1	0	0.0
üniversite=45/54	0.45	1	0	0.0
üst=4/4	0.04	1	0	0.0
üye=21/26	0.21	1	0	0.0
üzeri=36/53	0.36	1	0	0.0
ın=5/8	0.05	1	0	0.0
şart=6/6	0.06	1	0	0.0
şekil=21/24	0.21	1	0	0.0
şekli=12/14	0.12	1	0	0.0
