chp=50/158	0.5	9	1.0986123	0.0
tbmm=38/65	0.38	9	0.8349453	0.0
anka=27/27	0.27	9	0.5932506	0.0
anayasa=22/42	0.22	9	0.4833894	0.0
kanun=22/62	0.22	9	0.4833894	0.0
milletvekil=43/98	0.43	3	0.4724033	0.0
mhp=20/69	0.2	9	0.4394449	0.0
millet=31/80	0.31	4	0.4297513	0.0
meclis=37/70	0.37	3	0.4064865	0.0
recep=29/38	0.29	4	0.4020254	0.0
tayyip=29/34	0.29	4	0.4020254	0.0
parti=57/172	0.57	2	0.3950939	0.0
akp=16/30	0.16	9	0.3515559	0.0
başbakan=50/198	0.5	2	0.3465736	0.0
partili=15/29	0.15	9	0.3295837	0.0
açlık=14/43	0.14	9	0.3076114	0.0
bdp=14/56	0.14	9	0.3076114	0.0
grev=14/58	0.14	9	0.3076114	0.0
şehit=14/24	0.14	9	0.3076114	0.0
iktidar=21/44	0.21	4	0.2911218	0.0
yasa=21/25	0.21	4	0.2911218	0.0
önerge=13/29	0.13	9	0.2856392	0.0
cezaev=12/26	0.12	9	0.2636669	0.0
erdoğan=38/161	0.38	2	0.2633959	0.0
komisyon=19/102	0.19	4	0.2633959	0.0
büyükşehir=18/43	0.18	4	0.249533	0.0
başkanvekili=11/15	0.11	9	0.2416947	0.0
demokratik=11/13	0.11	9	0.2416947	0.0
kılıçdaroğlu=11/65	0.11	9	0.2416947	0.0
cumhuriyet=21/92	0.21	3	0.2307086	0.0
terör=21/56	0.21	3	0.2307086	0.0
anlayış=16/20	0.16	4	0.2218071	0.0
başbakanlık=10/14	0.1	9	0.2197225	0.0
kutlama=10/23	0.1	9	0.2197225	0.0
siyasi=20/34	0.2	3	0.2197225	0.0
tasarı=10/42	0.1	9	0.2197225	0.0
milli=19/30	0.19	3	0.2087363	0.0
demokrasi=15/37	0.15	4	0.2079442	0.0
arınç=9/27	0.09	9	0.1977502	0.0
idam=9/50	0.09	9	0.1977502	0.0
komisyonu=9/10	0.09	9	0.1977502	0.0
kemal=14/20	0.14	4	0.1940812	0.0
ilke=8/8	0.08	9	0.175778	0.0
oruç=8/12	0.08	9	0.175778	0.0
savunan=8/13	0.08	9	0.175778	0.0
sivil=16/23	0.16	3	0.175778	0.0
siyasetçi=8/16	0.08	9	0.175778	0.0
vekil=8/11	0.08	9	0.175778	0.0
zihniyet=8/17	0.08	9	0.175778	0.0
muhalefet=12/27	0.12	4	0.1663553	0.0
saygı=12/18	0.12	4	0.1663553	0.0
atatürk=14/31	0.14	3	0.1538057	0.0
bahçeli=7/34	0.07	9	0.1538057	0.0
belediye=14/30	0.14	3	0.1538057	0.0
dinçer=7/23	0.07	9	0.1538057	0.0
düşürülme=7/7	0.07	9	0.1538057	0.0
tören=11/15	0.11	4	0.1524924	0.0
seçim=13/24	0.13	3	0.1428196	0.0
beraberlik=10/10	0.1	4	0.1386294	0.0
bütçe=10/37	0.1	4	0.1386294	0.0
yasak=10/15	0.1	4	0.1386294	0.0
cumhurbaşkan=12/19	0.12	3	0.1318335	0.0
gensoru=6/32	0.06	9	0.1318335	0.0
hayvancılık=6/10	0.06	9	0.1318335	0.0
hükümeti=6/16	0.06	9	0.1318335	0.0
hükümetin=6/11	0.06	9	0.1318335	0.0
ilçe=12/27	0.12	3	0.1318335	0.0
kurul=12/17	0.12	3	0.1318335	0.0
kurulma=6/10	0.06	9	0.1318335	0.0
kızılcahamam=6/9	0.06	9	0.1318335	0.0
li=6/7	0.06	9	0.1318335	0.0
niyet=6/13	0.06	9	0.1318335	0.0
pkk=6/10	0.06	9	0.1318335	0.0
suriye=12/22	0.12	3	0.1318335	0.0
tutuklu=6/8	0.06	9	0.1318335	0.0
yurttaş=6/20	0.06	9	0.1318335	0.0
şeref=6/6	0.06	9	0.1318335	0.0
şükür=6/9	0.06	9	0.1318335	0.0
talimat=9/19	0.09	4	0.1247665	0.0
şubat=9/18	0.09	4	0.1247665	0.0
darbe=11/42	0.11	3	0.1208474	0.0
seçi=11/24	0.11	3	0.1208474	0.0
bayram=16/32	0.16	2	0.1109035	0.0
bayramı=8/10	0.08	4	0.1109035	0.0
cevap=8/12	0.08	4	0.1109035	0.0
dışişleri=8/11	0.08	4	0.1109035	0.0
getirilen=8/8	0.08	4	0.1109035	0.0
görüşül=8/17	0.08	4	0.1109035	0.0
kalkınma=8/10	0.08	4	0.1109035	0.0
sevgi=8/8	0.08	4	0.1109035	0.0
silahlı=8/11	0.08	4	0.1109035	0.0
anma=5/5	0.05	9	0.1098612	0.0
anımsatan=5/5	0.05	9	0.1098612	0.0
bölücü=5/6	0.05	9	0.1098612	0.0
cemil=5/5	0.05	9	0.1098612	0.0
cihan=10/11	0.1	3	0.1098612	0.0
cumhur=5/6	0.05	9	0.1098612	0.0
cumhurbaşkanlık=5/5	0.05	9	0.1098612	0.0
demirtaş=5/15	0.05	9	0.1098612	0.0
duruş=5/10	0.05	9	0.1098612	0.0
düzenleyen=5/5	0.05	9	0.1098612	0.0
egemen=5/6	0.05	9	0.1098612	0.0
inancı=5/7	0.05	9	0.1098612	0.0
işledik=5/5	0.05	9	0.1098612	0.0
kaldırılma=5/12	0.05	9	0.1098612	0.0
kararlı=5/8	0.05	9	0.1098612	0.0
medeniyet=5/9	0.05	9	0.1098612	0.0
mehdi=5/7	0.05	9	0.1098612	0.0
meşru=5/5	0.05	9	0.1098612	0.0
muhtıra=5/11	0.05	9	0.1098612	0.0
müreffeh=5/7	0.05	9	0.1098612	0.0
oturum=5/6	0.05	9	0.1098612	0.0
rahmet=5/6	0.05	9	0.1098612	0.0
tersi=5/5	0.05	9	0.1098612	0.0
teşebbüs=5/6	0.05	9	0.1098612	0.0
uzlaşma=5/7	0.05	9	0.1098612	0.0
vesile=5/5	0.05	9	0.1098612	0.0
yanıtlayan=5/5	0.05	9	0.1098612	0.0
yayımladık=5/5	0.05	9	0.1098612	0.0
öcalan=5/10	0.05	9	0.1098612	0.0
şantaj=5/9	0.05	9	0.1098612	0.0
politika=15/27	0.15	2	0.1039721	0.0
teklif=15/29	0.15	2	0.1039721	0.0
beledi=9/17	0.09	3	0.0988751	0.0
dedik=9/14	0.09	3	0.0988751	0.0
ders=9/16	0.09	3	0.0988751	0.0
yanlış=9/11	0.09	3	0.0988751	0.0
yerel=9/17	0.09	3	0.0988751	0.0
şiddet=9/15	0.09	3	0.0988751	0.0
başkanlığı=7/7	0.07	4	0.0970406	0.0
diyarbakır=14/24	0.14	2	0.0970406	0.0
eleştir=7/7	0.07	4	0.0970406	0.0
irade=7/19	0.07	4	0.0970406	0.0
kamu=14/24	0.14	2	0.0970406	0.0
katılma=7/8	0.07	4	0.0970406	0.0
kutla=7/9	0.07	4	0.0970406	0.0
parlamento=7/13	0.07	4	0.0970406	0.0
temel=14/21	0.14	2	0.0970406	0.0
yas=7/10	0.07	4	0.0970406	0.0
başkan=13/16	0.13	2	0.0901091	0.0
mustafa=13/14	0.13	2	0.0901091	0.0
alev=4/11	0.04	9	0.087889	0.0
anamuhalefet=4/4	0.04	9	0.087889	0.0
anıt=4/7	0.04	9	0.087889	0.0
azim=4/5	0.04	9	0.087889	0.0
açmak=4/4	0.04	9	0.087889	0.0
ağla=4/4	0.04	9	0.087889	0.0
bakış=4/5	0.04	9	0.087889	0.0
bali=4/7	0.04	9	0.087889	0.0
celal=4/4	0.04	9	0.087889	0.0
cevdet=4/4	0.04	9	0.087889	0.0
dileyen=4/4	0.04	9	0.087889	0.0
direniş=4/7	0.04	9	0.087889	0.0
diyanet=4/4	0.04	9	0.087889	0.0
doğma=4/4	0.04	9	0.087889	0.0
duyarlı=4/5	0.04	9	0.087889	0.0
eleştirerek=4/4	0.04	9	0.087889	0.0
emniyet=8/28	0.08	3	0.087889	0.0
erdirilme=4/4	0.04	9	0.087889	0.0
gayret=4/5	0.04	9	0.087889	0.0
gerekmek=4/4	0.04	9	0.087889	0.0
gerginlik=4/4	0.04	9	0.087889	0.0
getirecek=4/4	0.04	9	0.087889	0.0
haberal=4/8	0.04	9	0.087889	0.0
hakaret=4/11	0.04	9	0.087889	0.0
hakkari=4/6	0.04	9	0.087889	0.0
hükümet=8/8	0.08	3	0.087889	0.0
inanma=4/5	0.04	9	0.087889	0.0
inanç=4/6	0.04	9	0.087889	0.0
kahraman=4/4	0.04	9	0.087889	0.0
kaldırma=4/4	0.04	9	0.087889	0.0
kan=8/14	0.08	3	0.087889	0.0
kapatıl=4/4	0.04	9	0.087889	0.0
kaynaklanan=4/5	0.04	9	0.087889	0.0
keşke=4/6	0.04	9	0.087889	0.0
koyma=4/5	0.04	9	0.087889	0.0
kurultay=4/12	0.04	9	0.087889	0.0
kürsü=4/6	0.04	9	0.087889	0.0
lütfen=4/7	0.04	9	0.087889	0.0
makul=4/4	0.04	9	0.087889	0.0
mana=4/6	0.04	9	0.087889	0.0
milletçe=4/4	0.04	9	0.087889	0.0
miting=4/6	0.04	9	0.087889	0.0
müşterek=4/4	0.04	9	0.087889	0.0
olaylı=4/5	0.04	9	0.087889	0.0
olmalı=8/8	0.08	3	0.087889	0.0
ongun=4/4	0.04	9	0.087889	0.0
pankart=4/5	0.04	9	0.087889	0.0
pazarlık=4/6	0.04	9	0.087889	0.0
rize=4/5	0.04	9	0.087889	0.0
ruh=8/13	0.08	3	0.087889	0.0
sezgi=4/5	0.04	9	0.087889	0.0
siyasal=4/9	0.04	9	0.087889	0.0
siyaset=8/11	0.08	3	0.087889	0.0
sun=8/8	0.08	3	0.087889	0.0
sürerek=4/4	0.04	9	0.087889	0.0
tanrıkulu=4/16	0.04	9	0.087889	0.0
tezkere=4/11	0.04	9	0.087889	0.0
tsk=4/6	0.04	9	0.087889	0.0
yakış=4/4	0.04	9	0.087889	0.0
yapay=4/8	0.04	9	0.087889	0.0
yargılama=4/8	0.04	9	0.087889	0.0
yaşatma=4/4	0.04	9	0.087889	0.0
zaaf=4/6	0.04	9	0.087889	0.0
zulüm=4/4	0.04	9	0.087889	0.0
çıkartıl=4/4	0.04	9	0.087889	0.0
önerdik=4/5	0.04	9	0.087889	0.0
öneri=8/14	0.08	3	0.087889	0.0
özet=4/4	0.04	9	0.087889	0.0
üslup=4/4	0.04	9	0.087889	0.0
şükran=4/4	0.04	9	0.087889	0.0
dayanışma=6/6	0.06	4	0.0831777	0.0
deme=6/7	0.06	4	0.0831777	0.0
gönderdik=6/6	0.06	4	0.0831777	0.0
hassasiyet=6/12	0.06	4	0.0831777	0.0
hatırlatarak=6/7	0.06	4	0.0831777	0.0
haziran=6/6	0.06	4	0.0831777	0.0
huzur=6/10	0.06	4	0.0831777	0.0
insanlık=6/9	0.06	4	0.0831777	0.0
içiş=6/10	0.06	4	0.0831777	0.0
kaldır=6/9	0.06	4	0.0831777	0.0
koyduk=6/8	0.06	4	0.0831777	0.0
kuvvet=6/6	0.06	4	0.0831777	0.0
maalesef=6/6	0.06	4	0.0831777	0.0
sanayi=6/8	0.06	4	0.0831777	0.0
sandık=6/6	0.06	4	0.0831777	0.0
savunarak=6/6	0.06	4	0.0831777	0.0
vali=6/8	0.06	4	0.0831777	0.0
vurgula=12/12	0.12	2	0.0831777	0.0
öz=6/6	0.06	4	0.0831777	0.0
seçilme=7/8	0.07	3	0.0769029	0.0
tar=7/13	0.07	3	0.0769029	0.0
terörist=7/14	0.07	3	0.0769029	0.0
çiçek=7/26	0.07	3	0.0769029	0.0
lider=11/13	0.11	2	0.0762462	0.0
adalet=10/10	0.1	2	0.0693147	0.0
adım=5/12	0.05	4	0.0693147	0.0
allah=5/5	0.05	4	0.0693147	0.0
anla=5/6	0.05	4	0.0693147	0.0
beklenti=5/8	0.05	4	0.0693147	0.0
dinle=5/10	0.05	4	0.0693147	0.0
engel=5/5	0.05	4	0.0693147	0.0
eylem=10/27	0.1	2	0.0693147	0.0
hesap=10/14	0.1	2	0.0693147	0.0
hüküm=5/6	0.05	4	0.0693147	0.0
insani=5/7	0.05	4	0.0693147	0.0
katılı=5/8	0.05	4	0.0693147	0.0
kurulduk=5/5	0.05	4	0.0693147	0.0
malatya=5/6	0.05	4	0.0693147	0.0
mardin=5/5	0.05	4	0.0693147	0.0
merkezi=5/5	0.05	4	0.0693147	0.0
oktay=5/6	0.05	4	0.0693147	0.0
pazartesi=5/10	0.05	4	0.0693147	0.0
sal=5/10	0.05	4	0.0693147	0.0
selahattin=5/9	0.05	4	0.0693147	0.0
sözleşme=5/6	0.05	4	0.0693147	0.0
tedbir=5/5	0.05	4	0.0693147	0.0
yetki=5/8	0.05	4	0.0693147	0.0
yürüyüş=5/12	0.05	4	0.0693147	0.0
özgürlük=5/5	0.05	4	0.0693147	0.0
adamlık=3/3	0.03	9	0.0659167	0.0
adil=3/4	0.03	9	0.0659167	0.0
afet=3/3	0.03	9	0.0659167	0.0
aihm=3/3	0.03	9	0.0659167	0.0
alınabilecek=3/3	0.03	9	0.0659167	0.0
amaçlı=3/3	0.03	9	0.0659167	0.0
anlaşılma=3/3	0.03	9	0.0659167	0.0
anımsat=3/3	0.03	9	0.0659167	0.0
aralıksız=3/6	0.03	9	0.0659167	0.0
aydın=3/5	0.03	9	0.0659167	0.0
ayrımcılık=3/4	0.03	9	0.0659167	0.0
ayıp=3/4	0.03	9	0.0659167	0.0
azala=3/3	0.03	9	0.0659167	0.0
bahattin=3/3	0.03	9	0.0659167	0.0
batma=3/3	0.03	9	0.0659167	0.0
baykal=3/3	0.03	9	0.0659167	0.0
başkanı=3/4	0.03	9	0.0659167	0.0
bbp=3/6	0.03	9	0.0659167	0.0
bedel=3/4	0.03	9	0.0659167	0.0
bekir=3/4	0.03	9	0.0659167	0.0
biber=3/4	0.03	9	0.0659167	0.0
birdal=3/3	0.03	9	0.0659167	0.0
birtakım=3/3	0.03	9	0.0659167	0.0
biçim=6/8	0.06	3	0.0659167	0.0
bozbeyli=3/3	0.03	9	0.0659167	0.0
bozdağ=3/8	0.03	9	0.0659167	0.0
bölücülük=3/3	0.03	9	0.0659167	0.0
bütünlük=3/4	0.03	9	0.0659167	0.0
cehennem=3/13	0.03	9	0.0659167	0.0
daima=3/3	0.03	9	0.0659167	0.0
dalga=3/3	0.03	9	0.0659167	0.0
değerlendir=6/7	0.06	3	0.0659167	0.0
diktatörlük=3/4	0.03	9	0.0659167	0.0
dinleme=3/3	0.03	9	0.0659167	0.0
dsp=3/8	0.03	9	0.0659167	0.0
durabil=3/3	0.03	9	0.0659167	0.0
dök=3/5	0.03	9	0.0659167	0.0
dönüştürdük=3/3	0.03	9	0.0659167	0.0
dönüştürme=3/3	0.03	9	0.0659167	0.0
dönüştürülme=3/3	0.03	9	0.0659167	0.0
edebil=6/7	0.06	3	0.0659167	0.0
elkatmış=3/3	0.03	9	0.0659167	0.0
emanet=3/3	0.03	9	0.0659167	0.0
erbaş=3/3	0.03	9	0.0659167	0.0
erdirme=3/3	0.03	9	0.0659167	0.0
ergenekon=3/4	0.03	9	0.0659167	0.0
ergün=3/5	0.03	9	0.0659167	0.0
eroğlu=3/3	0.03	9	0.0659167	0.0
ersümer=3/3	0.03	9	0.0659167	0.0
etik=3/7	0.03	9	0.0659167	0.0
etraf=3/4	0.03	9	0.0659167	0.0
evrensel=3/3	0.03	9	0.0659167	0.0
eğme=3/3	0.03	9	0.0659167	0.0
ferruh=3/3	0.03	9	0.0659167	0.0
fethet=3/4	0.03	9	0.0659167	0.0
forumu=3/4	0.03	9	0.0659167	0.0
gelebil=3/4	0.03	9	0.0659167	0.0
gelenek=3/4	0.03	9	0.0659167	0.0
genci=3/3	0.03	9	0.0659167	0.0
genelkurmay=3/9	0.03	9	0.0659167	0.0
geçirilen=3/3	0.03	9	0.0659167	0.0
gidermek=3/3	0.03	9	0.0659167	0.0
görülmek=3/4	0.03	9	0.0659167	0.0
görüşülme=3/4	0.03	9	0.0659167	0.0
göstererek=3/3	0.03	9	0.0659167	0.0
güven=6/9	0.06	3	0.0659167	0.0
güvensizlik=3/3	0.03	9	0.0659167	0.0
gıda=6/9	0.06	3	0.0659167	0.0
haklı=3/5	0.03	9	0.0659167	0.0
haksızlık=3/5	0.03	9	0.0659167	0.0
hepimiz=3/3	0.03	9	0.0659167	0.0
icraat=3/3	0.03	9	0.0659167	0.0
idris=3/6	0.03	9	0.0659167	0.0
iklim=3/3	0.03	9	0.0659167	0.0
ilerleme=3/3	0.03	9	0.0659167	0.0
ilet=3/3	0.03	9	0.0659167	0.0
imar=3/13	0.03	9	0.0659167	0.0
imralı=3/3	0.03	9	0.0659167	0.0
irtibat=3/3	0.03	9	0.0659167	0.0
istem=3/3	0.03	9	0.0659167	0.0
istismar=3/3	0.03	9	0.0659167	0.0
istişare=3/3	0.03	9	0.0659167	0.0
işkence=3/19	0.03	9	0.0659167	0.0
kandoğan=3/3	0.03	9	0.0659167	0.0
kapusuz=3/3	0.03	9	0.0659167	0.0
kararlılık=3/3	0.03	9	0.0659167	0.0
kararname=3/3	0.03	9	0.0659167	0.0
karatepe=3/3	0.03	9	0.0659167	0.0
karma=3/4	0.03	9	0.0659167	0.0
katliam=3/3	0.03	9	0.0659167	0.0
katılmayacak=3/3	0.03	9	0.0659167	0.0
kavuşacak=3/3	0.03	9	0.0659167	0.0
keski=3/13	0.03	9	0.0659167	0.0
keçeci=3/3	0.03	9	0.0659167	0.0
konum=3/5	0.03	9	0.0659167	0.0
kuvvetleri=3/3	0.03	9	0.0659167	0.0
kürkcü=3/3	0.03	9	0.0659167	0.0
kılın=3/3	0.03	9	0.0659167	0.0
kırsal=3/3	0.03	9	0.0659167	0.0
kıyamet=3/3	0.03	9	0.0659167	0.0
liman=3/3	0.03	9	0.0659167	0.0
malkoç=3/3	0.03	9	0.0659167	0.0
maraton=3/5	0.03	9	0.0659167	0.0
mazlum=3/4	0.03	9	0.0659167	0.0
mecburiyet=3/3	0.03	9	0.0659167	0.0
mesai=3/3	0.03	9	0.0659167	0.0
meydanı=3/3	0.03	9	0.0659167	0.0
myk=3/11	0.03	9	0.0659167	0.0
onaylanma=3/10	0.03	9	0.0659167	0.0
ordu=6/15	0.06	3	0.0659167	0.0
oylama=3/7	0.03	9	0.0659167	0.0
partisi=3/3	0.03	9	0.0659167	0.0
planlayan=3/4	0.03	9	0.0659167	0.0
protesto=3/5	0.03	9	0.0659167	0.0
rant=3/3	0.03	9	0.0659167	0.0
referandum=3/5	0.03	9	0.0659167	0.0
rüştü=3/3	0.03	9	0.0659167	0.0
salih=3/3	0.03	9	0.0659167	0.0
savcı=3/3	0.03	9	0.0659167	0.0
selamla=3/3	0.03	9	0.0659167	0.0
silivri=3/7	0.03	9	0.0659167	0.0
somut=3/3	0.03	9	0.0659167	0.0
sorulduk=3/3	0.03	9	0.0659167	0.0
statü=3/3	0.03	9	0.0659167	0.0
suçla=3/3	0.03	9	0.0659167	0.0
sıfır=3/3	0.03	9	0.0659167	0.0
sığ=3/5	0.03	9	0.0659167	0.0
sığınan=3/3	0.03	9	0.0659167	0.0
tahammülsüzlük=3/3	0.03	9	0.0659167	0.0
takvim=3/3	0.03	9	0.0659167	0.0
tank=3/4	0.03	9	0.0659167	0.0
tansu=3/5	0.03	9	0.0659167	0.0
tasar=6/14	0.06	3	0.0659167	0.0
taya=3/3	0.03	9	0.0659167	0.0
tck=3/3	0.03	9	0.0659167	0.0
tecelli=3/3	0.03	9	0.0659167	0.0
tezahür=3/3	0.03	9	0.0659167	0.0
tezcan=3/3	0.03	9	0.0659167	0.0
tezkeresi=3/3	0.03	9	0.0659167	0.0
teşkilat=3/4	0.03	9	0.0659167	0.0
toplantısı=3/3	0.03	9	0.0659167	0.0
trt=3/13	0.03	9	0.0659167	0.0
tunceli=3/5	0.03	9	0.0659167	0.0
turhan=3/3	0.03	9	0.0659167	0.0
töre=6/8	0.06	3	0.0659167	0.0
ulus=3/3	0.03	9	0.0659167	0.0
uyarınca=3/3	0.03	9	0.0659167	0.0
veysel=3/3	0.03	9	0.0659167	0.0
vur=3/3	0.03	9	0.0659167	0.0
yaklaşım=6/8	0.06	3	0.0659167	0.0
yapmadık=3/3	0.03	9	0.0659167	0.0
yapılacak=6/7	0.06	3	0.0659167	0.0
yargı=6/6	0.06	3	0.0659167	0.0
yayımla=3/3	0.03	9	0.0659167	0.0
yazım=3/4	0.03	9	0.0659167	0.0
yitirdik=3/3	0.03	9	0.0659167	0.0
yönelt=3/3	0.03	9	0.0659167	0.0
yücelen=3/3	0.03	9	0.0659167	0.0
yükümlülük=3/3	0.03	9	0.0659167	0.0
yürek=3/7	0.03	9	0.0659167	0.0
zenginlik=3/3	0.03	9	0.0659167	0.0
zihin=3/9	0.03	9	0.0659167	0.0
çağrı=6/9	0.06	3	0.0659167	0.0
çelenk=3/7	0.03	9	0.0659167	0.0
çil=3/15	0.03	9	0.0659167	0.0
çözme=3/5	0.03	9	0.0659167	0.0
çözmek=3/3	0.03	9	0.0659167	0.0
öldüren=3/6	0.03	9	0.0659167	0.0
önder=3/3	0.03	9	0.0659167	0.0
özal=3/12	0.03	9	0.0659167	0.0
ümmet=3/3	0.03	9	0.0659167	0.0
ısrar=3/3	0.03	9	0.0659167	0.0
ısrarcı=3/3	0.03	9	0.0659167	0.0
şanlıurfa=3/4	0.03	9	0.0659167	0.0
şevket=3/3	0.03	9	0.0659167	0.0
gösteren=9/9	0.09	2	0.0623832	0.0
savun=9/11	0.09	2	0.0623832	0.0
umut=9/14	0.09	2	0.0623832	0.0
attık=4/5	0.04	4	0.0554518	0.0
birer=4/6	0.04	4	0.0554518	0.0
cenaze=4/6	0.04	4	0.0554518	0.0
davranma=4/4	0.04	4	0.0554518	0.0
dönüm=4/4	0.04	4	0.0554518	0.0
edilmek=4/5	0.04	4	0.0554518	0.0
eksiklik=4/4	0.04	4	0.0554518	0.0
endonezya=4/4	0.04	4	0.0554518	0.0
ertuğrul=4/4	0.04	4	0.0554518	0.0
forum=4/6	0.04	4	0.0554518	0.0
gazi=4/10	0.04	4	0.0554518	0.0
hayır=4/4	0.04	4	0.0554518	0.0
ikna=4/4	0.04	4	0.0554518	0.0
imza=8/10	0.08	2	0.0554518	0.0
kaz=4/4	0.04	4	0.0554518	0.0
konuşmak=4/4	0.04	4	0.0554518	0.0
koordinasyon=4/4	0.04	4	0.0554518	0.0
korumak=4/5	0.04	4	0.0554518	0.0
kullanma=8/8	0.08	2	0.0554518	0.0
kurma=4/5	0.04	4	0.0554518	0.0
lise=4/4	0.04	4	0.0554518	0.0
otur=4/5	0.04	4	0.0554518	0.0
paralel=4/4	0.04	4	0.0554518	0.0
protokol=4/6	0.04	4	0.0554518	0.0
samimi=4/7	0.04	4	0.0554518	0.0
sert=8/12	0.08	2	0.0554518	0.0
siirt=4/4	0.04	4	0.0554518	0.0
takdir=4/5	0.04	4	0.0554518	0.0
taşıma=4/5	0.04	4	0.0554518	0.0
toplumsal=4/5	0.04	4	0.0554518	0.0
zorunlu=4/7	0.04	4	0.0554518	0.0
çözüm=4/4	0.04	4	0.0554518	0.0
öt=4/4	0.04	4	0.0554518	0.0
şahin=8/21	0.08	2	0.0554518	0.0
şimşek=4/8	0.04	4	0.0554518	0.0
bulunmak=5/5	0.05	3	0.0549306	0.0
gaz=5/7	0.05	3	0.0549306	0.0
gençlik=5/9	0.05	3	0.0549306	0.0
iade=5/10	0.05	3	0.0549306	0.0
idare=5/11	0.05	3	0.0549306	0.0
kalk=5/13	0.05	3	0.0549306	0.0
olumlu=5/5	0.05	3	0.0549306	0.0
risk=5/15	0.05	3	0.0549306	0.0
saldırı=5/7	0.05	3	0.0549306	0.0
söyledik=5/6	0.05	3	0.0549306	0.0
van=5/15	0.05	3	0.0549306	0.0
yanıtla=5/6	0.05	3	0.0549306	0.0
yaşandık=5/7	0.05	3	0.0549306	0.0
yet=5/6	0.05	3	0.0549306	0.0
ırak=5/5	0.05	3	0.0549306	0.0
alın=7/7	0.07	2	0.0485203	0.0
barış=7/17	0.07	2	0.0485203	0.0
düzenledik=7/7	0.07	2	0.0485203	0.0
gül=7/18	0.07	2	0.0485203	0.0
isteme=7/8	0.07	2	0.0485203	0.0
kongre=7/17	0.07	2	0.0485203	0.0
kurum=7/8	0.07	2	0.0485203	0.0
mevcut=7/9	0.07	2	0.0485203	0.0
na=7/8	0.07	2	0.0485203	0.0
adnan=4/6	0.04	3	0.0439445	0.0
aşama=4/4	0.04	3	0.0439445	0.0
bozma=4/5	0.04	3	0.0439445	0.0
cuma=4/8	0.04	3	0.0439445	0.0
destekledik=4/4	0.04	3	0.0439445	0.0
din=4/11	0.04	3	0.0439445	0.0
duyduk=4/4	0.04	3	0.0439445	0.0
duyuru=4/4	0.04	3	0.0439445	0.0
düşünce=4/4	0.04	3	0.0439445	0.0
getirerek=4/4	0.04	3	0.0439445	0.0
hasa=4/4	0.04	3	0.0439445	0.0
hatırlatan=4/5	0.04	3	0.0439445	0.0
hazırlanan=4/5	0.04	3	0.0439445	0.0
heyet=4/6	0.04	3	0.0439445	0.0
inandık=4/4	0.04	3	0.0439445	0.0
içerik=4/4	0.04	3	0.0439445	0.0
kamp=4/7	0.04	3	0.0439445	0.0
kanunu=4/6	0.04	3	0.0439445	0.0
komşu=4/4	0.04	3	0.0439445	0.0
konuk=4/4	0.04	3	0.0439445	0.0
mahalle=4/4	0.04	3	0.0439445	0.0
mali=4/4	0.04	3	0.0439445	0.0
masum=4/6	0.04	3	0.0439445	0.0
sağlama=4/4	0.04	3	0.0439445	0.0
seçme=4/6	0.04	3	0.0439445	0.0
tane=4/4	0.04	3	0.0439445	0.0
tavır=4/4	0.04	3	0.0439445	0.0
temsil=4/5	0.04	3	0.0439445	0.0
teslim=4/5	0.04	3	0.0439445	0.0
vererek=4/4	0.04	3	0.0439445	0.0
yarış=4/4	0.04	3	0.0439445	0.0
yazdık=4/4	0.04	3	0.0439445	0.0
yürüttük=4/6	0.04	3	0.0439445	0.0
öncelik=4/5	0.04	3	0.0439445	0.0
özlem=4/6	0.04	3	0.0439445	0.0
anlatmak=3/5	0.03	4	0.0415888	0.0
anımsatarak=3/3	0.03	4	0.0415888	0.0
artırılma=3/4	0.03	4	0.0415888	0.0
arzu=3/3	0.03	4	0.0415888	0.0
asgari=3/6	0.03	4	0.0415888	0.0
aykırı=3/3	0.03	4	0.0415888	0.0
açma=3/3	0.03	4	0.0415888	0.0
bildik=3/3	0.03	4	0.0415888	0.0
birikim=3/3	0.03	4	0.0415888	0.0
bitir=3/3	0.03	4	0.0415888	0.0
damga=3/3	0.03	4	0.0415888	0.0
denet=3/3	0.03	4	0.0415888	0.0
dert=3/3	0.03	4	0.0415888	0.0
değerlendirilme=3/4	0.03	4	0.0415888	0.0
değinen=3/3	0.03	4	0.0415888	0.0
dile=3/3	0.03	4	0.0415888	0.0
dilekçe=3/4	0.03	4	0.0415888	0.0
divan=3/3	0.03	4	0.0415888	0.0
doğrultu=6/8	0.06	2	0.0415888	0.0
durma=3/5	0.03	4	0.0415888	0.0
düzenleme=6/9	0.06	2	0.0415888	0.0
ekonomik=6/8	0.06	2	0.0415888	0.0
ekşi=3/3	0.03	4	0.0415888	0.0
eşit=3/3	0.03	4	0.0415888	0.0
gerekli=6/7	0.06	2	0.0415888	0.0
gerçekleştir=3/3	0.03	4	0.0415888	0.0
getirilme=3/5	0.03	4	0.0415888	0.0
gidiş=3/3	0.03	4	0.0415888	0.0
gönderilen=3/4	0.03	4	0.0415888	0.0
görüldük=3/3	0.03	4	0.0415888	0.0
hariç=3/4	0.03	4	0.0415888	0.0
helikopter=3/3	0.03	4	0.0415888	0.0
holding=3/5	0.03	4	0.0415888	0.0
husus=3/3	0.03	4	0.0415888	0.0
inşa=3/6	0.03	4	0.0415888	0.0
ithal=3/4	0.03	4	0.0415888	0.0
kaldırıldık=3/3	0.03	4	0.0415888	0.0
katılmak=3/5	0.03	4	0.0415888	0.0
kavga=3/7	0.03	4	0.0415888	0.0
kavuş=3/3	0.03	4	0.0415888	0.0
kimlik=6/7	0.06	2	0.0415888	0.0
konul=3/3	0.03	4	0.0415888	0.0
kriz=6/13	0.06	2	0.0415888	0.0
kök=3/4	0.03	4	0.0415888	0.0
kültürel=3/3	0.03	4	0.0415888	0.0
laf=3/4	0.03	4	0.0415888	0.0
nesil=3/3	0.03	4	0.0415888	0.0
nihat=3/5	0.03	4	0.0415888	0.0
nükleer=3/4	0.03	4	0.0415888	0.0
nı=3/3	0.03	4	0.0415888	0.0
obama=3/9	0.03	4	0.0415888	0.0
oluşturulma=3/5	0.03	4	0.0415888	0.0
oynamak=3/3	0.03	4	0.0415888	0.0
peş=3/4	0.03	4	0.0415888	0.0
ramazan=3/3	0.03	4	0.0415888	0.0
reji=3/7	0.03	4	0.0415888	0.0
rejim=3/3	0.03	4	0.0415888	0.0
sahte=3/3	0.03	4	0.0415888	0.0
san=3/3	0.03	4	0.0415888	0.0
savaş=6/22	0.06	2	0.0415888	0.0
sendika=3/8	0.03	4	0.0415888	0.0
seslen=3/3	0.03	4	0.0415888	0.0
seçilen=3/4	0.03	4	0.0415888	0.0
sinyal=3/4	0.03	4	0.0415888	0.0
sorumlu=6/8	0.06	2	0.0415888	0.0
sulta=3/5	0.03	4	0.0415888	0.0
suret=3/3	0.03	4	0.0415888	0.0
söylüyorum=3/3	0.03	4	0.0415888	0.0
sürece=3/4	0.03	4	0.0415888	0.0
süt=3/4	0.03	4	0.0415888	0.0
tanınma=3/3	0.03	4	0.0415888	0.0
tecrübe=3/3	0.03	4	0.0415888	0.0
teknoloji=6/8	0.06	2	0.0415888	0.0
toplan=6/9	0.06	2	0.0415888	0.0
toplum=3/5	0.03	4	0.0415888	0.0
vaat=3/7	0.03	4	0.0415888	0.0
varlık=6/9	0.06	2	0.0415888	0.0
veli=3/3	0.03	4	0.0415888	0.0
verecek=6/7	0.06	2	0.0415888	0.0
vizyon=3/4	0.03	4	0.0415888	0.0
yangı=3/5	0.03	4	0.0415888	0.0
yurtdışı=3/3	0.03	4	0.0415888	0.0
çadır=3/4	0.03	4	0.0415888	0.0
çıkarak=3/3	0.03	4	0.0415888	0.0
çıkarılma=3/3	0.03	4	0.0415888	0.0
öngörül=3/3	0.03	4	0.0415888	0.0
önlem=3/6	0.03	4	0.0415888	0.0
önleme=3/3	0.03	4	0.0415888	0.0
öğrenil=6/10	0.06	2	0.0415888	0.0
üyelik=3/3	0.03	4	0.0415888	0.0
şeker=3/3	0.03	4	0.0415888	0.0
abdullah=5/5	0.05	2	0.0346574	0.0
bildiren=5/5	0.05	2	0.0346574	0.0
büyüme=5/5	0.05	2	0.0346574	0.0
eleştiri=5/6	0.05	2	0.0346574	0.0
enerji=5/8	0.05	2	0.0346574	0.0
getirdik=5/5	0.05	2	0.0346574	0.0
giden=5/5	0.05	2	0.0346574	0.0
hazırlık=5/5	0.05	2	0.0346574	0.0
kardeş=5/8	0.05	2	0.0346574	0.0
kasım=5/9	0.05	2	0.0346574	0.0
kişilik=5/5	0.05	2	0.0346574	0.0
kritik=5/8	0.05	2	0.0346574	0.0
köy=5/5	0.05	2	0.0346574	0.0
not=5/5	0.05	2	0.0346574	0.0
soruşturma=5/12	0.05	2	0.0346574	0.0
ticaret=5/6	0.05	2	0.0346574	0.0
uy=5/6	0.05	2	0.0346574	0.0
yorum=5/7	0.05	2	0.0346574	0.0
yılma=5/5	0.05	2	0.0346574	0.0
çelik=5/23	0.05	2	0.0346574	0.0
çoğunluk=5/7	0.05	2	0.0346574	0.0
çıkar=5/9	0.05	2	0.0346574	0.0
ab=3/3	0.03	3	0.0329584	0.0
arazi=3/5	0.03	3	0.0329584	0.0
atma=3/5	0.03	3	0.0329584	0.0
ağırlık=3/4	0.03	3	0.0329584	0.0
bağımsız=3/5	0.03	3	0.0329584	0.0
başar=3/3	0.03	3	0.0329584	0.0
bekleyen=3/4	0.03	3	0.0329584	0.0
cesaret=3/3	0.03	3	0.0329584	0.0
cinayet=3/3	0.03	3	0.0329584	0.0
denil=3/3	0.03	3	0.0329584	0.0
deprem=3/15	0.03	3	0.0329584	0.0
düzen=3/5	0.03	3	0.0329584	0.0
düzenlenme=3/3	0.03	3	0.0329584	0.0
düşündük=3/3	0.03	3	0.0329584	0.0
düşünül=3/3	0.03	3	0.0329584	0.0
edeme=3/3	0.03	3	0.0329584	0.0
görevli=3/5	0.03	3	0.0329584	0.0
gösteri=3/5	0.03	3	0.0329584	0.0
hüseyin=3/8	0.03	3	0.0329584	0.0
ihlal=3/3	0.03	3	0.0329584	0.0
ilan=3/3	0.03	3	0.0329584	0.0
inşallah=3/5	0.03	3	0.0329584	0.0
ismail=3/3	0.03	3	0.0329584	0.0
içeren=3/3	0.03	3	0.0329584	0.0
kapsamlı=3/3	0.03	3	0.0329584	0.0
kaybettik=3/3	0.03	3	0.0329584	0.0
kol=3/4	0.03	3	0.0329584	0.0
koltuk=3/8	0.03	3	0.0329584	0.0
kor=3/5	0.03	3	0.0329584	0.0
kural=3/4	0.03	3	0.0329584	0.0
kurucu=3/5	0.03	3	0.0329584	0.0
mark=3/5	0.03	3	0.0329584	0.0
miktar=3/3	0.03	3	0.0329584	0.0
nitelik=3/3	0.03	3	0.0329584	0.0
nüfus=3/5	0.03	3	0.0329584	0.0
olama=3/3	0.03	3	0.0329584	0.0
orman=3/5	0.03	3	0.0329584	0.0
perşembe=3/4	0.03	3	0.0329584	0.0
planla=3/3	0.03	3	0.0329584	0.0
rusya=3/5	0.03	3	0.0329584	0.0
seyahat=3/5	0.03	3	0.0329584	0.0
seçil=3/4	0.03	3	0.0329584	0.0
stratejik=3/5	0.03	3	0.0329584	0.0
sunu=3/4	0.03	3	0.0329584	0.0
söyleme=3/5	0.03	3	0.0329584	0.0
yara=3/5	0.03	3	0.0329584	0.0
yardım=3/5	0.03	3	0.0329584	0.0
çatışma=3/7	0.03	3	0.0329584	0.0
ölüm=3/4	0.03	3	0.0329584	0.0
altyapı=4/7	0.04	2	0.0277259	0.0
artan=4/4	0.04	2	0.0277259	0.0
aziz=4/5	0.04	2	0.0277259	0.0
açılma=4/4	0.04	2	0.0277259	0.0
açılış=4/4	0.04	2	0.0277259	0.0
başlama=4/5	0.04	2	0.0277259	0.0
başlat=4/4	0.04	2	0.0277259	0.0
benze=4/4	0.04	2	0.0277259	0.0
bey=4/6	0.04	2	0.0277259	0.0
değerlendiren=4/4	0.04	2	0.0277259	0.0
duvar=4/4	0.04	2	0.0277259	0.0
düzenle=4/4	0.04	2	0.0277259	0.0
giderek=4/4	0.04	2	0.0277259	0.0
kadro=4/12	0.04	2	0.0277259	0.0
kurulan=4/5	0.04	2	0.0277259	0.0
mart=4/6	0.04	2	0.0277259	0.0
mesele=4/6	0.04	2	0.0277259	0.0
modern=4/4	0.04	2	0.0277259	0.0
müdahale=4/6	0.04	2	0.0277259	0.0
pay=4/7	0.04	2	0.0277259	0.0
süresi=4/4	0.04	2	0.0277259	0.0
tatil=4/4	0.04	2	0.0277259	0.0
taşı=4/4	0.04	2	0.0277259	0.0
tip=4/4	0.04	2	0.0277259	0.0
trabzon=4/8	0.04	2	0.0277259	0.0
tut=4/5	0.04	2	0.0277259	0.0
vakıf=4/4	0.04	2	0.0277259	0.0
veri=4/4	0.04	2	0.0277259	0.0
verildik=4/4	0.04	2	0.0277259	0.0
çerçeve=4/4	0.04	2	0.0277259	0.0
çıkarma=4/4	0.04	2	0.0277259	0.0
acil=3/3	0.03	2	0.0207944	0.0
antalya=3/3	0.03	2	0.0207944	0.0
asıl=3/5	0.03	2	0.0207944	0.0
ateş=3/6	0.03	2	0.0207944	0.0
ayrılan=3/4	0.03	2	0.0207944	0.0
bilme=3/3	0.03	2	0.0207944	0.0
cumartesi=3/4	0.03	2	0.0207944	0.0
davet=3/3	0.03	2	0.0207944	0.0
değerli=3/3	0.03	2	0.0207944	0.0
dosya=3/6	0.03	2	0.0207944	0.0
düşme=3/3	0.03	2	0.0207944	0.0
edilme=3/4	0.03	2	0.0207944	0.0
ekim=3/3	0.03	2	0.0207944	0.0
faruk=3/4	0.03	2	0.0207944	0.0
gerçekleştirdik=3/3	0.03	2	0.0207944	0.0
getiril=3/3	0.03	2	0.0207944	0.0
girdik=3/3	0.03	2	0.0207944	0.0
hakan=3/4	0.03	2	0.0207944	0.0
has=3/6	0.03	2	0.0207944	0.0
heyecan=3/4	0.03	2	0.0207944	0.0
inceleme=3/5	0.03	2	0.0207944	0.0
kazanma=3/3	0.03	2	0.0207944	0.0
kullanıl=3/3	0.03	2	0.0207944	0.0
küresel=3/5	0.03	2	0.0207944	0.0
milyar=3/8	0.03	2	0.0207944	0.0
müzik=3/3	0.03	2	0.0207944	0.0
nisa=3/3	0.03	2	0.0207944	0.0
olmama=3/4	0.03	2	0.0207944	0.0
oğul=3/5	0.03	2	0.0207944	0.0
personel=3/7	0.03	2	0.0207944	0.0
rahat=3/3	0.03	2	0.0207944	0.0
reddet=3/3	0.03	2	0.0207944	0.0
saha=3/4	0.03	2	0.0207944	0.0
sat=3/3	0.03	2	0.0207944	0.0
sağlan=3/3	0.03	2	0.0207944	0.0
sev=3/3	0.03	2	0.0207944	0.0
seyirci=3/3	0.03	2	0.0207944	0.0
türlü=3/3	0.03	2	0.0207944	0.0
uç=3/3	0.03	2	0.0207944	0.0
yüksel=3/6	0.03	2	0.0207944	0.0
zafer=3/3	0.03	2	0.0207944	0.0
çin=3/5	0.03	2	0.0207944	0.0
aa=34/34	0.34	1	0	0.0
abd=6/8	0.06	1	0	0.0
ad=21/36	0.21	1	0	0.0
ada=11/15	0.11	1	0	0.0
aday=5/7	0.05	1	0	0.0
ahmet=6/8	0.06	1	0	0.0
aile=12/26	0.12	1	0	0.0
ait=11/13	0.11	1	0	0.0
ak=38/92	0.38	1	0	0.0
aktar=3/3	0.03	1	0	0.0
akşam=4/7	0.04	1	0	0.0
al=27/49	0.27	1	0	0.0
alan=31/49	0.31	1	0	0.0
alarak=11/15	0.11	1	0	0.0
aldık=12/15	0.12	1	0	0.0
ali=3/3	0.03	1	0	0.0
alma=16/17	0.16	1	0	0.0
almak=8/12	0.08	1	0	0.0
alt=20/41	0.2	1	0	0.0
alınan=4/5	0.04	1	0	0.0
alınma=8/11	0.08	1	0	0.0
alıp=3/3	0.03	1	0	0.0
amacı=15/19	0.15	1	0	0.0
an=20/39	0.2	1	0	0.0
anadolu=3/8	0.03	1	0	0.0
ankara=17/29	0.17	1	0	0.0
anlam=8/8	0.08	1	0	0.0
anlat=4/5	0.04	1	0	0.0
anlatan=6/7	0.06	1	0	0.0
anlaşma=4/6	0.04	1	0	0.0
ara=39/69	0.39	1	0	0.0
araç=5/6	0.05	1	0	0.0
araştırma=13/24	0.13	1	0	0.0
arka=11/14	0.11	1	0	0.0
arkadaş=11/14	0.11	1	0	0.0
art=21/23	0.21	1	0	0.0
asker=6/10	0.06	1	0	0.0
at=5/8	0.05	1	0	0.0
avrupa=8/10	0.08	1	0	0.0
ay=18/39	0.18	1	0	0.0
ayak=8/9	0.08	1	0	0.0
ayn=11/18	0.11	1	0	0.0
ayrı=6/11	0.06	1	0	0.0
aç=7/7	0.07	1	0	0.0
açı=5/6	0.05	1	0	0.0
açık=9/14	0.09	1	0	0.0
açıkla=9/12	0.09	1	0	0.0
açıklama=41/60	0.41	1	0	0.0
ağustos=3/3	0.03	1	0	0.0
ağır=5/5	0.05	1	0	0.0
baba=3/5	0.03	1	0	0.0
bak=12/20	0.12	1	0	0.0
bakan=31/79	0.31	1	0	0.0
bakanlık=11/23	0.11	1	0	0.0
bakanlığı=3/3	0.03	1	0	0.0
bas=19/31	0.19	1	0	0.0
baskı=15/21	0.15	1	0	0.0
bağlı=4/5	0.04	1	0	0.0
baş=23/36	0.23	1	0	0.0
başarı=6/13	0.06	1	0	0.0
başka=68/148	0.68	1	0	0.0
başkanlık=27/54	0.27	1	0	0.0
başla=15/19	0.15	1	0	0.0
başladık=3/3	0.03	1	0	0.0
be=5/6	0.05	1	0	0.0
bekle=4/7	0.04	1	0	0.0
bekledik=7/7	0.07	1	0	0.0
beklen=4/4	0.04	1	0	0.0
belirt=17/22	0.17	1	0	0.0
belirten=18/25	0.18	1	0	0.0
belirterek=18/23	0.18	1	0	0.0
belirtil=5/6	0.05	1	0	0.0
belli=6/11	0.06	1	0	0.0
bil=8/14	0.08	1	0	0.0
bildir=10/13	0.1	1	0	0.0
bildiril=3/4	0.03	1	0	0.0
bilgi=20/32	0.2	1	0	0.0
bili=3/5	0.03	1	0	0.0
biraz=3/3	0.03	1	0	0.0
birbiri=8/9	0.08	1	0	0.0
birinci=6/7	0.06	1	0	0.0
birlik=29/36	0.29	1	0	0.0
bit=3/3	0.03	1	0	0.0
boy=8/10	0.08	1	0	0.0
bugün=40/66	0.4	1	0	0.0
bul=20/21	0.2	1	0	0.0
bulduk=3/3	0.03	1	0	0.0
bulun=12/12	0.12	1	0	0.0
bulunan=11/13	0.11	1	0	0.0
bulunduk=20/36	0.2	1	0	0.0
bulunma=4/5	0.04	1	0	0.0
bura=8/15	0.08	1	0	0.0
bölge=6/14	0.06	1	0	0.0
bölüm=4/6	0.04	1	0	0.0
bülent=14/23	0.14	1	0	0.0
büyük=26/50	0.26	1	0	0.0
bırakma=4/4	0.04	1	0	0.0
can=9/25	0.09	1	0	0.0
ceza=11/24	0.11	1	0	0.0
ciddi=11/20	0.11	1	0	0.0
dahil=6/8	0.06	1	0	0.0
dair=9/20	0.09	1	0	0.0
dan=7/11	0.07	1	0	0.0
dava=3/4	0.03	1	0	0.0
dek=3/4	0.03	1	0	0.0
den=5/6	0.05	1	0	0.0
deniz=5/6	0.05	1	0	0.0
dernek=4/6	0.04	1	0	0.0
destek=8/16	0.08	1	0	0.0
deva=40/67	0.4	1	0	0.0
devlet=25/41	0.25	1	0	0.0
değer=8/12	0.08	1	0	0.0
değerlendirme=13/17	0.13	1	0	0.0
değiş=5/9	0.05	1	0	0.0
değişiklik=17/20	0.17	1	0	0.0
dikkat=19/21	0.19	1	0	0.0
dil=21/29	0.21	1	0	0.0
diyen=15/21	0.15	1	0	0.0
diyerek=6/11	0.06	1	0	0.0
doğru=16/23	0.16	1	0	0.0
doğu=4/6	0.04	1	0	0.0
duru=17/21	0.17	1	0	0.0
durum=13/15	0.13	1	0	0.0
dön=5/6	0.05	1	0	0.0
dönem=13/23	0.13	1	0	0.0
dönüş=4/5	0.04	1	0	0.0
dün=13/20	0.13	1	0	0.0
dünya=15/32	0.15	1	0	0.0
düzenlenen=9/11	0.09	1	0	0.0
düzey=3/5	0.03	1	0	0.0
düş=9/12	0.09	1	0	0.0
düşen=7/8	0.07	1	0	0.0
düştük=3/4	0.03	1	0	0.0
düşün=5/5	0.05	1	0	0.0
dış=13/20	0.13	1	0	0.0
dışarı=10/11	0.1	1	0	0.0
edil=12/12	0.12	1	0	0.0
edildik=5/5	0.05	1	0	0.0
edilen=8/9	0.08	1	0	0.0
ek=27/54	0.27	1	0	0.0
ekonomi=6/9	0.06	1	0	0.0
el=26/40	0.26	1	0	0.0
emir=8/10	0.08	1	0	0.0
er=9/10	0.09	1	0	0.0
eski=8/10	0.08	1	0	0.0
et=38/58	0.38	1	0	0.0
etki=4/5	0.04	1	0	0.0
etkinlik=3/4	0.03	1	0	0.0
etme=19/40	0.19	1	0	0.0
etmek=20/27	0.2	1	0	0.0
ettik=6/6	0.06	1	0	0.0
ev=8/22	0.08	1	0	0.0
eylül=6/6	0.06	1	0	0.0
eğitim=18/69	0.18	1	0	0.0
eş=5/9	0.05	1	0	0.0
faaliyet=8/14	0.08	1	0	0.0
fark=7/14	0.07	1	0	0.0
farklı=8/8	0.08	1	0	0.0
fatih=3/6	0.03	1	0	0.0
faz=10/14	0.1	1	0	0.0
fikir=3/3	0.03	1	0	0.0
fiyat=4/14	0.04	1	0	0.0
fotoğraf=4/6	0.04	1	0	0.0
gazete=3/3	0.03	1	0	0.0
gazeteci=12/17	0.12	1	0	0.0
gece=6/6	0.06	1	0	0.0
gel=38/69	0.38	1	0	0.0
geldik=21/31	0.21	1	0	0.0
gelecek=6/14	0.06	1	0	0.0
gelen=14/20	0.14	1	0	0.0
geliş=4/12	0.04	1	0	0.0
gelişme=7/8	0.07	1	0	0.0
gelme=7/10	0.07	1	0	0.0
genel=54/150	0.54	1	0	0.0
geniş=3/4	0.03	1	0	0.0
genç=11/20	0.11	1	0	0.0
gerek=23/35	0.23	1	0	0.0
gereken=10/14	0.1	1	0	0.0
gerektik=16/22	0.16	1	0	0.0
gerekçe=8/13	0.08	1	0	0.0
geri=7/10	0.07	1	0	0.0
gerçek=13/22	0.13	1	0	0.0
getir=14/20	0.14	1	0	0.0
getiren=7/7	0.07	1	0	0.0
getirme=6/7	0.06	1	0	0.0
geç=16/21	0.16	1	0	0.0
geçen=10/11	0.1	1	0	0.0
geçme=7/8	0.07	1	0	0.0
geçmiş=8/19	0.08	1	0	0.0
geçtik=7/8	0.07	1	0	0.0
gir=5/7	0.05	1	0	0.0
giriş=5/5	0.05	1	0	0.0
girme=4/6	0.04	1	0	0.0
git=15/23	0.15	1	0	0.0
gitme=8/10	0.08	1	0	0.0
grup=27/54	0.27	1	0	0.0
gör=9/18	0.09	1	0	0.0
gördük=4/4	0.04	1	0	0.0
gören=3/3	0.03	1	0	0.0
görev=18/25	0.18	1	0	0.0
görme=8/12	0.08	1	0	0.0
görül=3/4	0.03	1	0	0.0
görüntü=3/5	0.03	1	0	0.0
görüş=18/26	0.18	1	0	0.0
görüşme=25/44	0.25	1	0	0.0
göster=11/12	0.11	1	0	0.0
gösterdik=4/5	0.04	1	0	0.0
göz=9/13	0.09	1	0	0.0
gün=43/103	0.43	1	0	0.0
gündem=25/35	0.25	1	0	0.0
güvenlik=16/20	0.16	1	0	0.0
güzel=9/10	0.09	1	0	0.0
güç=24/42	0.24	1	0	0.0
güçlü=8/14	0.08	1	0	0.0
haber=5/8	0.05	1	0	0.0
haf=13/17	0.13	1	0	0.0
hafta=6/10	0.06	1	0	0.0
hak=36/92	0.36	1	0	0.0
hal=24/37	0.24	1	0	0.0
halk=21/60	0.21	1	0	0.0
hareket=11/23	0.11	1	0	0.0
hava=3/3	0.03	1	0	0.0
hayal=6/9	0.06	1	0	0.0
hayat=17/20	0.17	1	0	0.0
hazır=3/8	0.03	1	0	0.0
hazırlan=5/8	0.05	1	0	0.0
hedef=9/18	0.09	1	0	0.0
hemen=5/10	0.05	1	0	0.0
hizmet=17/23	0.17	1	0	0.0
hukuk=6/10	0.06	1	0	0.0
iddia=25/41	0.25	1	0	0.0
ifade=56/99	0.56	1	0	0.0
ihtiyaç=16/29	0.16	1	0	0.0
ikinci=8/8	0.08	1	0	0.0
il=24/42	0.24	1	0	0.0
ileri=14/25	0.14	1	0	0.0
ilişki=35/62	0.35	1	0	0.0
ilk=14/19	0.14	1	0	0.0
imkan=6/6	0.06	1	0	0.0
in=11/16	0.11	1	0	0.0
inan=8/9	0.08	1	0	0.0
insan=30/63	0.3	1	0	0.0
internet=3/8	0.03	1	0	0.0
isim=8/8	0.08	1	0	0.0
istanbul=15/27	0.15	1	0	0.0
iste=21/51	0.21	1	0	0.0
istedik=7/10	0.07	1	0	0.0
isteyen=13/17	0.13	1	0	0.0
iyi=18/28	0.18	1	0	0.0
iz=10/14	0.1	1	0	0.0
izmir=7/23	0.07	1	0	0.0
iç=24/46	0.24	1	0	0.0
içeri=19/30	0.19	1	0	0.0
iş=19/39	0.19	1	0	0.0
işaret=4/5	0.04	1	0	0.0
işbirlik=7/11	0.07	1	0	0.0
işlem=3/3	0.03	1	0	0.0
kabul=14/19	0.14	1	0	0.0
kadı=4/6	0.04	1	0	0.0
kafa=4/6	0.04	1	0	0.0
kal=10/11	0.1	1	0	0.0
kalan=3/3	0.03	1	0	0.0
kaldık=6/9	0.06	1	0	0.0
kalma=7/8	0.07	1	0	0.0
kampanya=3/7	0.03	1	0	0.0
kamuoy=8/9	0.08	1	0	0.0
kapalı=6/8	0.06	1	0	0.0
kapsam=13/19	0.13	1	0	0.0
kar=4/4	0.04	1	0	0.0
karar=11/16	0.11	1	0	0.0
karşı=28/56	0.28	1	0	0.0
karşılık=7/12	0.07	1	0	0.0
kas=19/66	0.19	1	0	0.0
katkı=12/16	0.12	1	0	0.0
katıl=11/16	0.11	1	0	0.0
katılan=11/17	0.11	1	0	0.0
katıldık=3/3	0.03	1	0	0.0
kaybet=3/3	0.03	1	0	0.0
kaydeden=6/8	0.06	1	0	0.0
kaydedil=3/3	0.03	1	0	0.0
kaydet=20/27	0.2	1	0	0.0
kaynak=6/6	0.06	1	0	0.0
kayıt=4/5	0.04	1	0	0.0
kazan=7/11	0.07	1	0	0.0
kent=4/7	0.04	1	0	0.0
kes=9/10	0.09	1	0	0.0
kişi=16/44	0.16	1	0	0.0
konu=43/134	0.43	1	0	0.0
konuş=32/57	0.32	1	0	0.0
konuşan=3/4	0.03	1	0	0.0
konuşma=17/30	0.17	1	0	0.0
koy=10/20	0.1	1	0	0.0
kullan=17/19	0.17	1	0	0.0
kullanan=4/4	0.04	1	0	0.0
kullandık=4/6	0.04	1	0	0.0
kullanmak=4/4	0.04	1	0	0.0
kur=8/10	0.08	1	0	0.0
kurban=8/8	0.08	1	0	0.0
kurulu=14/24	0.14	1	0	0.0
kuruluş=12/17	0.12	1	0	0.0
kuzey=4/4	0.04	1	0	0.0
kötü=6/14	0.06	1	0	0.0
kültür=7/15	0.07	1	0	0.0
lazım=11/19	0.11	1	0	0.0
madde=9/11	0.09	1	0	0.0
masa=6/9	0.06	1	0	0.0
mayıs=6/6	0.06	1	0	0.0
mehmet=11/20	0.11	1	0	0.0
merak=3/17	0.03	1	0	0.0
merkez=19/29	0.19	1	0	0.0
mesaj=20/32	0.2	1	0	0.0
meydan=7/16	0.07	1	0	0.0
milyon=10/28	0.1	1	0	0.0
model=4/5	0.04	1	0	0.0
mutlu=3/5	0.03	1	0	0.0
mücadele=18/36	0.18	1	0	0.0
müdür=7/21	0.07	1	0	0.0
müdürlük=5/12	0.05	1	0	0.0
mümkün=11/14	0.11	1	0	0.0
nda=9/19	0.09	1	0	0.0
nere=6/7	0.06	1	0	0.0
nin=15/45	0.15	1	0	0.0
nokta=11/16	0.11	1	0	0.0
nun=8/11	0.08	1	0	0.0
nın=7/10	0.07	1	0	0.0
ocak=3/3	0.03	1	0	0.0
okul=9/21	0.09	1	0	0.0
ol=34/56	0.34	1	0	0.0
olabil=8/10	0.08	1	0	0.0
olacak=7/9	0.07	1	0	0.0
olay=12/14	0.12	1	0	0.0
olduk=11/13	0.11	1	0	0.0
olma=29/46	0.29	1	0	0.0
olmadık=13/22	0.13	1	0	0.0
oluş=3/3	0.03	1	0	0.0
ora=12/42	0.12	1	0	0.0
oran=6/7	0.06	1	0	0.0
orta=30/50	0.3	1	0	0.0
ortak=3/5	0.03	1	0	0.0
oy=13/28	0.13	1	0	0.0
para=8/19	0.08	1	0	0.0
pazar=5/7	0.05	1	0	0.0
plan=14/28	0.14	1	0	0.0
polis=10/16	0.1	1	0	0.0
program=13/25	0.13	1	0	0.0
proje=8/15	0.08	1	0	0.0
rakam=4/6	0.04	1	0	0.0
rapor=9/15	0.09	1	0	0.0
resim=7/10	0.07	1	0	0.0
rol=3/4	0.03	1	0	0.0
saat=12/18	0.12	1	0	0.0
sabah=3/3	0.03	1	0	0.0
sahip=15/19	0.15	1	0	0.0
sahne=4/8	0.04	1	0	0.0
salon=8/16	0.08	1	0	0.0
savunma=3/7	0.03	1	0	0.0
say=16/45	0.16	1	0	0.0
saye=5/7	0.05	1	0	0.0
sayı=14/26	0.14	1	0	0.0
sağla=5/5	0.05	1	0	0.0
sağlık=9/16	0.09	1	0	0.0
sebep=7/11	0.07	1	0	0.0
sektör=4/5	0.04	1	0	0.0
ses=4/6	0.04	1	0	0.0
silah=5/5	0.05	1	0	0.0
sistem=12/38	0.12	1	0	0.0
site=4/8	0.04	1	0	0.0
sokak=13/19	0.13	1	0	0.0
sonuç=14/19	0.14	1	0	0.0
sor=16/26	0.16	1	0	0.0
soru=27/70	0.27	1	0	0.0
sorumluluk=6/9	0.06	1	0	0.0
sorun=10/32	0.1	1	0	0.0
sosyal=13/23	0.13	1	0	0.0
spor=6/9	0.06	1	0	0.0
su=8/13	0.08	1	0	0.0
sunduk=6/6	0.06	1	0	0.0
suç=10/15	0.1	1	0	0.0
söyle=31/66	0.31	1	0	0.0
söyleyen=7/10	0.07	1	0	0.0
söz=27/51	0.27	1	0	0.0
sözcü=3/6	0.03	1	0	0.0
sür=16/21	0.16	1	0	0.0
sürdür=4/5	0.04	1	0	0.0
süre=4/4	0.04	1	0	0.0
süreci=13/17	0.13	1	0	0.0
süren=11/12	0.11	1	0	0.0
süreç=7/9	0.07	1	0	0.0
sıkıntı=9/9	0.09	1	0	0.0
sınır=9/16	0.09	1	0	0.0
sır=3/3	0.03	1	0	0.0
sıra=7/10	0.07	1	0	0.0
tabii=6/6	0.06	1	0	0.0
tak=5/5	0.05	1	0	0.0
talep=15/36	0.15	1	0	0.0
tam=12/14	0.12	1	0	0.0
tamamen=4/4	0.04	1	0	0.0
tan=3/4	0.03	1	0	0.0
taraf=7/8	0.07	1	0	0.0
tarih=30/64	0.3	1	0	0.0
tartışma=10/15	0.1	1	0	0.0
taş=4/9	0.04	1	0	0.0
te=5/8	0.05	1	0	0.0
tehdit=4/12	0.04	1	0	0.0
tehlike=7/7	0.07	1	0	0.0
tek=20/30	0.2	1	0	0.0
teknik=3/5	0.03	1	0	0.0
tekrar=5/7	0.05	1	0	0.0
televizyon=3/3	0.03	1	0	0.0
temsilci=6/9	0.06	1	0	0.0
tepki=11/14	0.11	1	0	0.0
tercih=6/10	0.06	1	0	0.0
tespit=5/6	0.05	1	0	0.0
top=3/4	0.03	1	0	0.0
topla=4/8	0.04	1	0	0.0
toplantı=25/50	0.25	1	0	0.0
toplu=18/34	0.18	1	0	0.0
trafik=4/5	0.04	1	0	0.0
tür=6/9	0.06	1	0	0.0
türk=27/55	0.27	1	0	0.0
türkiye=48/142	0.48	1	0	0.0
ulaş=4/8	0.04	1	0	0.0
ulaşma=3/3	0.03	1	0	0.0
ulusal=6/9	0.06	1	0	0.0
uluslararası=12/14	0.12	1	0	0.0
uyarı=4/4	0.04	1	0	0.0
uygulama=5/16	0.05	1	0	0.0
uygun=7/14	0.07	1	0	0.0
uz=8/8	0.08	1	0	0.0
vatandaş=13/20	0.13	1	0	0.0
ver=40/97	0.4	1	0	0.0
verdik=20/34	0.2	1	0	0.0
veren=11/16	0.11	1	0	0.0
veril=8/11	0.08	1	0	0.0
verilen=8/9	0.08	1	0	0.0
verilme=7/7	0.07	1	0	0.0
verme=15/24	0.15	1	0	0.0
vermek=6/8	0.06	1	0	0.0
vurgulayan=9/10	0.09	1	0	0.0
yak=12/12	0.12	1	0	0.0
yaklaşık=6/7	0.06	1	0	0.0
yan=6/8	0.06	1	0	0.0
yanıt=8/16	0.08	1	0	0.0
yap=23/60	0.23	1	0	0.0
yapan=13/16	0.13	1	0	0.0
yapma=16/30	0.16	1	0	0.0
yaptık=3/5	0.03	1	0	0.0
yapı=4/11	0.04	1	0	0.0
yapıl=26/44	0.26	1	0	0.0
yapıldık=10/11	0.1	1	0	0.0
yapılma=14/16	0.14	1	0	0.0
yar=14/21	0.14	1	0	0.0
yardımcı=29/50	0.29	1	0	0.0
yarı=5/6	0.05	1	0	0.0
yaz=6/11	0.06	1	0	0.0
yazılı=8/15	0.08	1	0	0.0
yaş=10/32	0.1	1	0	0.0
yaşa=10/13	0.1	1	0	0.0
yaşadık=5/6	0.05	1	0	0.0
yaşam=5/5	0.05	1	0	0.0
yaşanan=5/5	0.05	1	0	0.0
yaşayan=6/8	0.06	1	0	0.0
ye=35/52	0.35	1	0	0.0
yen=24/36	0.24	1	0	0.0
yeni=21/29	0.21	1	0	0.0
yer=20/35	0.2	1	0	0.0
yeterli=4/4	0.04	1	0	0.0
yetkili=3/3	0.03	1	0	0.0
yi=3/4	0.03	1	0	0.0
yok=32/72	0.32	1	0	0.0
yol=23/30	0.23	1	0	0.0
yoğ=4/4	0.04	1	0	0.0
yurt=6/7	0.06	1	0	0.0
yön=12/16	0.12	1	0	0.0
yönelik=15/27	0.15	1	0	0.0
yönetici=6/6	0.06	1	0	0.0
yönetim=16/30	0.16	1	0	0.0
yük=9/10	0.09	1	0	0.0
yıl=40/108	0.4	1	0	0.0
yıllık=5/5	0.05	1	0	0.0
zaman=28/57	0.28	1	0	0.0
zarar=4/9	0.04	1	0	0.0
ziyaret=14/18	0.14	1	0	0.0
zor=17/24	0.17	1	0	0.0
çaba=9/9	0.09	1	0	0.0
çalış=12/13	0.12	1	0	0.0
çalışan=9/16	0.09	1	0	0.0
çalışma=26/53	0.26	1	0	0.0
çalıştık=3/3	0.03	1	0	0.0
çarşamba=5/6	0.05	1	0	0.0
çek=8/8	0.08	1	0	0.0
çeken=8/8	0.08	1	0	0.0
çevre=4/7	0.04	1	0	0.0
çocuk=13/23	0.13	1	0	0.0
çöz=9/24	0.09	1	0	0.0
çık=17/30	0.17	1	0	0.0
çıkan=13/13	0.13	1	0	0.0
çıkma=12/17	0.12	1	0	0.0
ölü=10/17	0.1	1	0	0.0
ömer=8/10	0.08	1	0	0.0
önem=5/5	0.05	1	0	0.0
önemli=19/31	0.19	1	0	0.0
örgüt=19/36	0.19	1	0	0.0
örnek=6/9	0.06	1	0	0.0
özel=11/24	0.11	1	0	0.0
özellik=8/8	0.08	1	0	0.0
öğrenci=7/10	0.07	1	0	0.0
ülke=35/75	0.35	1	0	0.0
ün=5/5	0.05	1	0	0.0
üniversite=6/7	0.06	1	0	0.0
üst=6/10	0.06	1	0	0.0
üye=14/32	0.14	1	0	0.0
üzeri=33/53	0.33	1	0	0.0
ın=13/34	0.13	1	0	0.0
şart=4/6	0.04	1	0	0.0
şehir=7/24	0.07	1	0	0.0
şekil=28/48	0.28	1	0	0.0
şekli=16/18	0.16	1	0	0.0
