maç=50/190	0.5	9	1.0986123	0.0
kulüp=38/93	0.38	9	0.8349453	0.0
futbolcu=35/59	0.35	9	0.7690286	0.0
takım=34/57	0.34	9	0.7470564	0.0
futbol=29/75	0.29	9	0.6371951	0.0
lig=28/46	0.28	9	0.6152229	0.0
karşılaşma=24/39	0.24	9	0.5273339	0.0
federasyon=20/36	0.2	9	0.4394449	0.0
beşiktaş=18/29	0.18	9	0.3955004	0.0
fenerbahçe=16/26	0.16	9	0.3515559	0.0
hoca=15/25	0.15	9	0.3295837	0.0
romanya=23/63	0.23	4	0.3188477	0.0
avcı=14/37	0.14	9	0.3076114	0.0
gol=14/37	0.14	9	0.3076114	0.0
kırmızılı=14/16	0.14	9	0.3076114	0.0
macaristan=14/43	0.14	9	0.3076114	0.0
milli=28/112	0.28	3	0.3076114	0.0
sakatlık=14/24	0.14	9	0.3076114	0.0
şampiyon=14/27	0.14	9	0.3076114	0.0
kupa=13/21	0.13	9	0.2856392	0.0
sarı=20/26	0.2	4	0.2772589	0.0
form=11/15	0.11	9	0.2416947	0.0
oynan=11/17	0.11	9	0.2416947	0.0
taraftar=11/26	0.11	9	0.2416947	0.0
yıldırım=17/37	0.17	4	0.23567	0.0
oyuncu=33/64	0.33	2	0.2287386	0.0
transfer=16/28	0.16	4	0.2218071	0.0
deplasman=10/14	0.1	9	0.2197225	0.0
galibiyet=10/20	0.1	9	0.2197225	0.0
tesisleri=10/13	0.1	9	0.2197225	0.0
bahçe=15/33	0.15	4	0.2079442	0.0
alex=9/50	0.09	9	0.1977502	0.0
ligi=9/13	0.09	9	0.1977502	0.0
oynayacak=9/12	0.09	9	0.1977502	0.0
trabzonspor=9/18	0.09	9	0.1977502	0.0
galatasaray=14/54	0.14	4	0.1940812	0.0
puan=13/24	0.13	4	0.1802183	0.0
antrenör=8/10	0.08	9	0.175778	0.0
beyazlı=8/10	0.08	9	0.175778	0.0
takımı=8/10	0.08	9	0.175778	0.0
saray=12/26	0.12	4	0.1663553	0.0
federasyonu=7/11	0.07	9	0.1538057	0.0
forma=7/9	0.07	9	0.1538057	0.0
is=14/15	0.14	3	0.1538057	0.0
madrid=7/12	0.07	9	0.1538057	0.0
menajer=7/10	0.07	9	0.1538057	0.0
olağan=7/8	0.07	9	0.1538057	0.0
sporcu=7/12	0.07	9	0.1538057	0.0
tecrübeli=7/9	0.07	9	0.1538057	0.0
toto=7/8	0.07	9	0.1538057	0.0
uefa=7/17	0.07	9	0.1538057	0.0
şampiyonluk=7/11	0.07	9	0.1538057	0.0
şike=7/24	0.07	9	0.1538057	0.0
eleme=10/17	0.1	4	0.1386294	0.0
oynama=10/18	0.1	4	0.1386294	0.0
antrenman=6/9	0.06	9	0.1318335	0.0
demirören=6/14	0.06	9	0.1318335	0.0
döndük=6/7	0.06	9	0.1318335	0.0
forvet=6/11	0.06	9	0.1318335	0.0
gitmek=6/7	0.06	9	0.1318335	0.0
golcü=6/7	0.06	9	0.1318335	0.0
hakem=6/18	0.06	9	0.1318335	0.0
itiraz=6/26	0.06	9	0.1318335	0.0
lacivertli=6/10	0.06	9	0.1318335	0.0
mağlup=6/10	0.06	9	0.1318335	0.0
sakat=6/11	0.06	9	0.1318335	0.0
tff=6/22	0.06	9	0.1318335	0.0
tribün=6/7	0.06	9	0.1318335	0.0
attık=9/10	0.09	4	0.1247665	0.0
direktör=18/31	0.18	2	0.1247665	0.0
kadro=18/30	0.18	2	0.1247665	0.0
sezon=18/31	0.18	2	0.1247665	0.0
süper=9/10	0.09	4	0.1247665	0.0
şok=9/11	0.09	4	0.1247665	0.0
düşünme=8/12	0.08	4	0.1109035	0.0
hollanda=8/12	0.08	4	0.1109035	0.0
karşılaş=8/11	0.08	4	0.1109035	0.0
sal=8/9	0.08	4	0.1109035	0.0
bjk=5/7	0.05	9	0.1098612	0.0
brezilya=5/9	0.05	9	0.1098612	0.0
cluj=5/12	0.05	9	0.1098612	0.0
direktörlük=5/5	0.05	9	0.1098612	0.0
eksik=5/9	0.05	9	0.1098612	0.0
estonya=5/9	0.05	9	0.1098612	0.0
gençlerbirliği=5/8	0.05	9	0.1098612	0.0
grubu=5/5	0.05	9	0.1098612	0.0
imzala=5/8	0.05	9	0.1098612	0.0
kupası=5/8	0.05	9	0.1098612	0.0
selçuk=5/9	0.05	9	0.1098612	0.0
skor=5/5	0.05	9	0.1098612	0.0
souza=5/11	0.05	9	0.1098612	0.0
stadı=5/5	0.05	9	0.1098612	0.0
topal=5/11	0.05	9	0.1098612	0.0
tura=5/9	0.05	9	0.1098612	0.0
turan=5/5	0.05	9	0.1098612	0.0
yenil=5/11	0.05	9	0.1098612	0.0
ünal=5/16	0.05	9	0.1098612	0.0
şampiyonası=5/6	0.05	9	0.1098612	0.0
oynadık=9/13	0.09	3	0.0988751	0.0
abdullah=14/29	0.14	2	0.0970406	0.0
burak=7/18	0.07	4	0.0970406	0.0
euro=7/12	0.07	4	0.0970406	0.0
final=7/10	0.07	4	0.0970406	0.0
sözleşme=7/12	0.07	4	0.0970406	0.0
yıldızlı=7/8	0.07	4	0.0970406	0.0
saha=13/28	0.13	2	0.0901091	0.0
aysal=4/20	0.04	9	0.087889	0.0
basın=4/4	0.04	9	0.087889	0.0
belediyespor=4/8	0.04	9	0.087889	0.0
beraat=4/10	0.04	9	0.087889	0.0
bileme=4/4	0.04	9	0.087889	0.0
brezilyalı=4/8	0.04	9	0.087889	0.0
budapeşte=4/8	0.04	9	0.087889	0.0
coşku=4/4	0.04	9	0.087889	0.0
dav=8/19	0.08	3	0.087889	0.0
gayet=4/4	0.04	9	0.087889	0.0
gerçekleşme=4/4	0.04	9	0.087889	0.0
gönül=4/7	0.04	9	0.087889	0.0
hayırlı=4/5	0.04	9	0.087889	0.0
hırvat=4/10	0.04	9	0.087889	0.0
iptal=4/5	0.04	9	0.087889	0.0
kayserispor=4/13	0.04	9	0.087889	0.0
kurul=8/13	0.08	3	0.087889	0.0
kurulun=4/4	0.04	9	0.087889	0.0
mağlubiyet=4/4	0.04	9	0.087889	0.0
moral=4/6	0.04	9	0.087889	0.0
muhakemat=4/5	0.04	9	0.087889	0.0
nevzat=4/6	0.04	9	0.087889	0.0
ntv=4/4	0.04	9	0.087889	0.0
oynanan=4/5	0.04	9	0.087889	0.0
oynuyor=4/4	0.04	9	0.087889	0.0
robert=4/10	0.04	9	0.087889	0.0
rumen=4/9	0.04	9	0.087889	0.0
salonu=4/8	0.04	9	0.087889	0.0
samet=4/6	0.04	9	0.087889	0.0
sponsorluk=4/8	0.04	9	0.087889	0.0
sürdüren=4/4	0.04	9	0.087889	0.0
tur=4/8	0.04	9	0.087889	0.0
turnuva=4/9	0.04	9	0.087889	0.0
vakfı=4/5	0.04	9	0.087889	0.0
yargıtay=4/4	0.04	9	0.087889	0.0
yasin=4/4	0.04	9	0.087889	0.0
zorlu=4/4	0.04	9	0.087889	0.0
beraberlik=6/7	0.06	4	0.0831777	0.0
bulma=6/6	0.06	4	0.0831777	0.0
galip=6/8	0.06	4	0.0831777	0.0
kesinlik=6/6	0.06	4	0.0831777	0.0
mahkemesi=6/6	0.06	4	0.0831777	0.0
meti=6/7	0.06	4	0.0831777	0.0
rakip=12/16	0.12	2	0.0831777	0.0
aykırı=5/6	0.05	4	0.0693147	0.0
aziz=10/19	0.1	2	0.0693147	0.0
cevap=5/10	0.05	4	0.0693147	0.0
dilekçe=5/6	0.05	4	0.0693147	0.0
ekim=10/12	0.1	2	0.0693147	0.0
eleştir=5/5	0.05	4	0.0693147	0.0
istifa=5/15	0.05	4	0.0693147	0.0
izledik=5/5	0.05	4	0.0693147	0.0
katılma=5/6	0.05	4	0.0693147	0.0
tecrübe=5/7	0.05	4	0.0693147	0.0
temmuz=5/6	0.05	4	0.0693147	0.0
um=5/5	0.05	4	0.0693147	0.0
yönet=5/7	0.05	4	0.0693147	0.0
üzül=5/11	0.05	4	0.0693147	0.0
akıcı=3/6	0.03	9	0.0659167	0.0
alınamayacak=3/3	0.03	9	0.0659167	0.0
alınamayan=3/3	0.03	9	0.0659167	0.0
anlaş=3/3	0.03	9	0.0659167	0.0
arayış=3/3	0.03	9	0.0659167	0.0
arveladze=3/6	0.03	9	0.0659167	0.0
atletico=3/8	0.03	9	0.0659167	0.0
avseven=3/3	0.03	9	0.0659167	0.0
aybaba=3/9	0.03	9	0.0659167	0.0
ayrılmak=3/4	0.03	9	0.0659167	0.0
ayır=3/3	0.03	9	0.0659167	0.0
ayıran=3/3	0.03	9	0.0659167	0.0
basketbol=3/4	0.03	9	0.0659167	0.0
bayan=3/8	0.03	9	0.0659167	0.0
başarama=3/3	0.03	9	0.0659167	0.0
bordo=3/4	0.03	9	0.0659167	0.0
bucaspor=3/3	0.03	9	0.0659167	0.0
burası=3/6	0.03	9	0.0659167	0.0
bursaspor=3/4	0.03	9	0.0659167	0.0
cavcav=3/24	0.03	9	0.0659167	0.0
cezalandırılma=3/6	0.03	9	0.0659167	0.0
cnn=3/3	0.03	9	0.0659167	0.0
coritiba=3/9	0.03	9	0.0659167	0.0
denetleme=3/4	0.03	9	0.0659167	0.0
direktörü=3/3	0.03	9	0.0659167	0.0
diziliş=3/6	0.03	9	0.0659167	0.0
dönecek=3/3	0.03	9	0.0659167	0.0
düşünce=6/7	0.06	3	0.0659167	0.0
eklenen=3/3	0.03	9	0.0659167	0.0
elazığspor=3/13	0.03	9	0.0659167	0.0
emenike=3/3	0.03	9	0.0659167	0.0
emenual=3/3	0.03	9	0.0659167	0.0
eskişehirspor=3/4	0.03	9	0.0659167	0.0
etmemeli=3/3	0.03	9	0.0659167	0.0
fincan=3/3	0.03	9	0.0659167	0.0
florya=3/4	0.03	9	0.0659167	0.0
gelerek=3/3	0.03	9	0.0659167	0.0
gelmedik=3/3	0.03	9	0.0659167	0.0
getirildik=3/3	0.03	9	0.0659167	0.0
giyeme=3/6	0.03	9	0.0659167	0.0
gönderilmek=3/3	0.03	9	0.0659167	0.0
hakemlik=3/3	0.03	9	0.0659167	0.0
hissedebil=3/3	0.03	9	0.0659167	0.0
hücum=3/3	0.03	9	0.0659167	0.0
hırvatistan=3/5	0.03	9	0.0659167	0.0
ipek=3/7	0.03	9	0.0659167	0.0
kazanmak=3/5	0.03	9	0.0659167	0.0
kazanılma=3/3	0.03	9	0.0659167	0.0
kağıt=3/9	0.03	9	0.0659167	0.0
kervan=3/3	0.03	9	0.0659167	0.0
keyifsiz=3/3	0.03	9	0.0659167	0.0
koç=3/4	0.03	9	0.0659167	0.0
kulüpçü=3/3	0.03	9	0.0659167	0.0
kup=3/36	0.03	9	0.0659167	0.0
leh=3/4	0.03	9	0.0659167	0.0
liverpool=3/11	0.03	9	0.0659167	0.0
maçlık=3/5	0.03	9	0.0659167	0.0
meşgul=3/3	0.03	9	0.0659167	0.0
muhtemel=3/3	0.03	9	0.0659167	0.0
müşteki=3/6	0.03	9	0.0659167	0.0
ortaköylüoğlu=3/3	0.03	9	0.0659167	0.0
oynatan=3/3	0.03	9	0.0659167	0.0
oynayabilecek=3/3	0.03	9	0.0659167	0.0
oğuz=3/3	0.03	9	0.0659167	0.0
parselasyon=3/3	0.03	9	0.0659167	0.0
play=3/3	0.03	9	0.0659167	0.0
prosinecki=3/9	0.03	9	0.0659167	0.0
real=3/5	0.03	9	0.0659167	0.0
sakatlanma=3/3	0.03	9	0.0659167	0.0
sanica=3/7	0.03	9	0.0659167	0.0
seslenen=3/3	0.03	9	0.0659167	0.0
sorular=3/3	0.03	9	0.0659167	0.0
telafuz=3/3	0.03	9	0.0659167	0.0
tezahürat=3/3	0.03	9	0.0659167	0.0
tutulan=3/3	0.03	9	0.0659167	0.0
vadettik=3/3	0.03	9	0.0659167	0.0
yardımcılık=3/4	0.03	9	0.0659167	0.0
yedek=3/4	0.03	9	0.0659167	0.0
yenerek=3/4	0.03	9	0.0659167	0.0
yenilgi=3/8	0.03	9	0.0659167	0.0
yenilince=3/3	0.03	9	0.0659167	0.0
yöneticilik=3/3	0.03	9	0.0659167	0.0
zagreb=3/4	0.03	9	0.0659167	0.0
çarptır=3/3	0.03	9	0.0659167	0.0
çıkmak=3/3	0.03	9	0.0659167	0.0
öğrendik=3/3	0.03	9	0.0659167	0.0
ülker=3/5	0.03	9	0.0659167	0.0
üzüldük=3/3	0.03	9	0.0659167	0.0
üzüntü=3/3	0.03	9	0.0659167	0.0
şampiyona=3/4	0.03	9	0.0659167	0.0
şener=3/12	0.03	9	0.0659167	0.0
şota=3/6	0.03	9	0.0659167	0.0
şöhret=3/3	0.03	9	0.0659167	0.0
imza=9/9	0.09	2	0.0623832	0.0
yılma=9/18	0.09	2	0.0623832	0.0
bor=4/8	0.04	4	0.0554518	0.0
camia=4/5	0.04	4	0.0554518	0.0
demir=4/6	0.04	4	0.0554518	0.0
gelmek=4/4	0.04	4	0.0554518	0.0
ilhan=4/14	0.04	4	0.0554518	0.0
kurmak=4/4	0.04	4	0.0554518	0.0
mahkeme=8/25	0.08	2	0.0554518	0.0
mustafa=8/11	0.08	2	0.0554518	0.0
oynayan=4/4	0.04	4	0.0554518	0.0
problem=4/8	0.04	4	0.0554518	0.0
samimi=4/4	0.04	4	0.0554518	0.0
söylüyorum=4/4	0.04	4	0.0554518	0.0
telekom=4/4	0.04	4	0.0554518	0.0
tören=4/4	0.04	4	0.0554518	0.0
çeyrek=4/5	0.04	4	0.0554518	0.0
çıkarıl=4/4	0.04	4	0.0554518	0.0
öğrenil=8/10	0.08	2	0.0554518	0.0
arena=5/5	0.05	3	0.0549306	0.0
cuma=5/6	0.05	3	0.0549306	0.0
gençlik=5/11	0.05	3	0.0549306	0.0
ispanya=5/8	0.05	3	0.0549306	0.0
kale=5/12	0.05	3	0.0549306	0.0
kamp=5/9	0.05	3	0.0549306	0.0
mensup=5/5	0.05	3	0.0549306	0.0
oyna=5/8	0.05	3	0.0549306	0.0
prim=5/24	0.05	3	0.0549306	0.0
hazırlık=7/12	0.07	2	0.0485203	0.0
sene=7/17	0.07	2	0.0485203	0.0
teklif=7/9	0.07	2	0.0485203	0.0
adnan=4/6	0.04	3	0.0439445	0.0
avukat=4/5	0.04	3	0.0439445	0.0
endişe=4/5	0.04	3	0.0439445	0.0
gerçekleştirilen=4/4	0.04	3	0.0439445	0.0
hapis=4/8	0.04	3	0.0439445	0.0
heyet=4/7	0.04	3	0.0439445	0.0
ihtimal=4/6	0.04	3	0.0439445	0.0
kariyer=4/4	0.04	3	0.0439445	0.0
kırmız=4/5	0.04	3	0.0439445	0.0
organizasyon=4/11	0.04	3	0.0439445	0.0
perşembe=4/4	0.04	3	0.0439445	0.0
ter=4/8	0.04	3	0.0439445	0.0
yanlış=4/5	0.04	3	0.0439445	0.0
yapama=4/4	0.04	3	0.0439445	0.0
allah=3/4	0.03	4	0.0415888	0.0
almanya=6/9	0.06	2	0.0415888	0.0
açıklayan=3/3	0.03	4	0.0415888	0.0
bardak=3/6	0.03	4	0.0415888	0.0
başkan=6/8	0.06	2	0.0415888	0.0
beklemedik=3/3	0.03	4	0.0415888	0.0
bilet=3/10	0.03	4	0.0415888	0.0
borç=3/13	0.03	4	0.0415888	0.0
bulan=3/3	0.03	4	0.0415888	0.0
delege=3/5	0.03	4	0.0415888	0.0
denizli=3/6	0.03	4	0.0415888	0.0
dile=3/3	0.03	4	0.0415888	0.0
divan=3/6	0.03	4	0.0415888	0.0
düşüş=3/4	0.03	4	0.0415888	0.0
edip=3/3	0.03	4	0.0415888	0.0
eleştiri=6/9	0.06	2	0.0415888	0.0
erkan=3/3	0.03	4	0.0415888	0.0
fikret=3/3	0.03	4	0.0415888	0.0
gidiş=3/4	0.03	4	0.0415888	0.0
gökhan=3/6	0.03	4	0.0415888	0.0
harcama=3/3	0.03	4	0.0415888	0.0
hatırlatarak=3/3	0.03	4	0.0415888	0.0
italya=3/4	0.03	4	0.0415888	0.0
italyan=3/6	0.03	4	0.0415888	0.0
kaliteli=3/4	0.03	4	0.0415888	0.0
karış=3/4	0.03	4	0.0415888	0.0
kazandık=6/6	0.06	2	0.0415888	0.0
kesilen=3/3	0.03	4	0.0415888	0.0
konul=3/3	0.03	4	0.0415888	0.0
konuşmak=3/3	0.03	4	0.0415888	0.0
nuri=3/5	0.03	4	0.0415888	0.0
oktay=3/4	0.03	4	0.0415888	0.0
olimpiyat=3/4	0.03	4	0.0415888	0.0
onur=3/4	0.03	4	0.0415888	0.0
oyun=6/12	0.06	2	0.0415888	0.0
profil=3/3	0.03	4	0.0415888	0.0
sanık=3/18	0.03	4	0.0415888	0.0
siirt=3/25	0.03	4	0.0415888	0.0
tanımlama=3/3	0.03	4	0.0415888	0.0
teşvik=3/9	0.03	4	0.0415888	0.0
tolga=3/3	0.03	4	0.0415888	0.0
tsi=3/5	0.03	4	0.0415888	0.0
vaat=3/3	0.03	4	0.0415888	0.0
vermedik=3/6	0.03	4	0.0415888	0.0
vural=3/18	0.03	4	0.0415888	0.0
yargılanan=3/3	0.03	4	0.0415888	0.0
yorum=6/9	0.06	2	0.0415888	0.0
zeki=3/3	0.03	4	0.0415888	0.0
çabuk=3/6	0.03	4	0.0415888	0.0
çıkacak=3/3	0.03	4	0.0415888	0.0
öztürk=3/6	0.03	4	0.0415888	0.0
şansı=6/9	0.06	2	0.0415888	0.0
aklı=5/5	0.05	2	0.0346574	0.0
ayrılan=5/6	0.05	2	0.0346574	0.0
cumartesi=5/7	0.05	2	0.0346574	0.0
getirdik=5/5	0.05	2	0.0346574	0.0
umut=5/8	0.05	2	0.0346574	0.0
ağrı=3/6	0.03	3	0.0329584	0.0
başvuru=3/4	0.03	3	0.0329584	0.0
disiplin=3/5	0.03	3	0.0329584	0.0
diz=3/4	0.03	3	0.0329584	0.0
duygu=3/3	0.03	3	0.0329584	0.0
düşündük=3/3	0.03	3	0.0329584	0.0
elazığ=3/3	0.03	3	0.0329584	0.0
evlat=3/3	0.03	3	0.0329584	0.0
gelip=3/3	0.03	3	0.0329584	0.0
görmek=3/3	0.03	3	0.0329584	0.0
güven=3/3	0.03	3	0.0329584	0.0
güçlük=3/3	0.03	3	0.0329584	0.0
hasa=3/6	0.03	3	0.0329584	0.0
hüseyin=3/4	0.03	3	0.0329584	0.0
ilave=3/4	0.03	3	0.0329584	0.0
inşallah=3/3	0.03	3	0.0329584	0.0
kahve=3/6	0.03	3	0.0329584	0.0
kalk=3/4	0.03	3	0.0329584	0.0
müdürlüğü=3/3	0.03	3	0.0329584	0.0
olmalı=3/3	0.03	3	0.0329584	0.0
paylaş=3/3	0.03	3	0.0329584	0.0
planla=3/3	0.03	3	0.0329584	0.0
sağlamak=3/3	0.03	3	0.0329584	0.0
seçil=3/4	0.03	3	0.0329584	0.0
sohbet=3/4	0.03	3	0.0329584	0.0
tavır=3/3	0.03	3	0.0329584	0.0
unsur=3/6	0.03	3	0.0329584	0.0
veda=3/3	0.03	3	0.0329584	0.0
vurgulayarak=3/3	0.03	3	0.0329584	0.0
yet=3/3	0.03	3	0.0329584	0.0
özdemir=3/6	0.03	3	0.0329584	0.0
şiddet=3/3	0.03	3	0.0329584	0.0
başkent=4/4	0.04	2	0.0277259	0.0
bulunmadık=4/4	0.04	2	0.0277259	0.0
dosya=4/7	0.04	2	0.0277259	0.0
hata=4/5	0.04	2	0.0277259	0.0
ingiliz=4/5	0.04	2	0.0277259	0.0
isteme=4/6	0.04	2	0.0277259	0.0
kayıp=4/4	0.04	2	0.0277259	0.0
kazanma=4/4	0.04	2	0.0277259	0.0
kişilik=4/5	0.04	2	0.0277259	0.0
kritik=4/6	0.04	2	0.0277259	0.0
liste=4/7	0.04	2	0.0277259	0.0
sat=4/4	0.04	2	0.0277259	0.0
sert=4/4	0.04	2	0.0277259	0.0
sev=4/4	0.04	2	0.0277259	0.0
toplan=4/6	0.04	2	0.0277259	0.0
trabzon=4/6	0.04	2	0.0277259	0.0
üs=4/5	0.04	2	0.0277259	0.0
alın=3/3	0.03	2	0.0207944	0.0
analiz=3/4	0.03	2	0.0207944	0.0
atan=3/3	0.03	2	0.0207944	0.0
baktık=3/3	0.03	2	0.0207944	0.0
belirle=3/3	0.03	2	0.0207944	0.0
civar=3/3	0.03	2	0.0207944	0.0
davet=3/3	0.03	2	0.0207944	0.0
doğrultu=3/3	0.03	2	0.0207944	0.0
getiril=3/4	0.03	2	0.0207944	0.0
geçirdik=3/4	0.03	2	0.0207944	0.0
hesap=3/3	0.03	2	0.0207944	0.0
heyecan=3/3	0.03	2	0.0207944	0.0
kapasite=3/4	0.03	2	0.0207944	0.0
siyah=3/5	0.03	2	0.0207944	0.0
soruşturma=3/8	0.03	2	0.0207944	0.0
yüksel=3/3	0.03	2	0.0207944	0.0
çıkar=3/6	0.03	2	0.0207944	0.0
şikayet=3/4	0.03	2	0.0207944	0.0
aa=24/27	0.24	1	0	0.0
ad=14/17	0.14	1	0	0.0
ada=15/24	0.15	1	0	0.0
aday=3/5	0.03	1	0	0.0
ahmet=3/7	0.03	1	0	0.0
aile=3/3	0.03	1	0	0.0
ait=3/3	0.03	1	0	0.0
akşam=9/16	0.09	1	0	0.0
al=18/39	0.18	1	0	0.0
alacak=7/9	0.07	1	0	0.0
alan=16/19	0.16	1	0	0.0
alarak=4/4	0.04	1	0	0.0
aldık=14/18	0.14	1	0	0.0
ali=6/9	0.06	1	0	0.0
alma=9/10	0.09	1	0	0.0
almak=3/3	0.03	1	0	0.0
alt=7/13	0.07	1	0	0.0
alınan=7/7	0.07	1	0	0.0
an=12/19	0.12	1	0	0.0
anadolu=4/4	0.04	1	0	0.0
ankara=3/3	0.03	1	0	0.0
anlam=4/4	0.04	1	0	0.0
anlat=4/5	0.04	1	0	0.0
anlatan=4/5	0.04	1	0	0.0
anlaşma=5/17	0.05	1	0	0.0
ar=10/30	0.1	1	0	0.0
ara=25/36	0.25	1	0	0.0
arkadaş=7/10	0.07	1	0	0.0
art=19/30	0.19	1	0	0.0
at=7/12	0.07	1	0	0.0
avrupa=18/28	0.18	1	0	0.0
ay=26/39	0.26	1	0	0.0
ayak=4/4	0.04	1	0	0.0
ayn=9/18	0.09	1	0	0.0
ayrı=8/15	0.08	1	0	0.0
aç=4/5	0.04	1	0	0.0
açık=4/5	0.04	1	0	0.0
açıkla=3/3	0.03	1	0	0.0
açıklama=36/55	0.36	1	0	0.0
ağustos=3/5	0.03	1	0	0.0
ağır=7/7	0.07	1	0	0.0
bakan=4/5	0.04	1	0	0.0
bakanlık=4/11	0.04	1	0	0.0
bakanlığı=3/3	0.03	1	0	0.0
bas=27/30	0.27	1	0	0.0
baş=11/11	0.11	1	0	0.0
başarı=12/28	0.12	1	0	0.0
başarılı=8/9	0.08	1	0	0.0
başka=30/74	0.3	1	0	0.0
başkanlık=3/5	0.03	1	0	0.0
başla=13/18	0.13	1	0	0.0
başladık=3/3	0.03	1	0	0.0
başlayan=3/3	0.03	1	0	0.0
be=4/4	0.04	1	0	0.0
bekle=6/6	0.06	1	0	0.0
bekledik=3/3	0.03	1	0	0.0
beklen=3/3	0.03	1	0	0.0
belirt=8/8	0.08	1	0	0.0
belirten=12/12	0.12	1	0	0.0
belirterek=12/14	0.12	1	0	0.0
belirtil=9/10	0.09	1	0	0.0
beraber=4/7	0.04	1	0	0.0
beyaz=3/3	0.03	1	0	0.0
bil=10/11	0.1	1	0	0.0
bildiril=5/5	0.05	1	0	0.0
bilgi=9/10	0.09	1	0	0.0
biraz=8/8	0.08	1	0	0.0
birbiri=4/7	0.04	1	0	0.0
birlik=12/14	0.12	1	0	0.0
bit=3/3	0.03	1	0	0.0
boy=3/4	0.03	1	0	0.0
bugün=7/10	0.07	1	0	0.0
bul=14/16	0.14	1	0	0.0
bulduk=4/4	0.04	1	0	0.0
bulun=3/3	0.03	1	0	0.0
bulunan=9/9	0.09	1	0	0.0
bulunduk=7/8	0.07	1	0	0.0
bura=5/6	0.05	1	0	0.0
bölüm=3/3	0.03	1	0	0.0
bülent=3/6	0.03	1	0	0.0
büyük=30/40	0.3	1	0	0.0
can=3/3	0.03	1	0	0.0
canlı=3/3	0.03	1	0	0.0
ceza=7/30	0.07	1	0	0.0
ciddi=4/4	0.04	1	0	0.0
dahil=3/3	0.03	1	0	0.0
dakika=4/13	0.04	1	0	0.0
dava=10/29	0.1	1	0	0.0
dek=4/4	0.04	1	0	0.0
den=3/4	0.03	1	0	0.0
derece=5/7	0.05	1	0	0.0
destek=6/11	0.06	1	0	0.0
dev=5/5	0.05	1	0	0.0
deva=18/20	0.18	1	0	0.0
devir=4/6	0.04	1	0	0.0
değerlendirme=5/6	0.05	1	0	0.0
değiş=3/6	0.03	1	0	0.0
dikkat=9/12	0.09	1	0	0.0
dil=20/30	0.2	1	0	0.0
diyen=6/6	0.06	1	0	0.0
doğal=3/3	0.03	1	0	0.0
doğru=13/15	0.13	1	0	0.0
duru=10/17	0.1	1	0	0.0
durum=11/13	0.11	1	0	0.0
dönem=10/14	0.1	1	0	0.0
dün=8/43	0.08	1	0	0.0
dünya=20/41	0.2	1	0	0.0
düzenlenen=7/8	0.07	1	0	0.0
düzey=3/3	0.03	1	0	0.0
düş=11/12	0.11	1	0	0.0
düşün=7/11	0.07	1	0	0.0
dış=7/11	0.07	1	0	0.0
dışarı=4/8	0.04	1	0	0.0
edil=13/15	0.13	1	0	0.0
edildik=3/3	0.03	1	0	0.0
edilen=6/6	0.06	1	0	0.0
ek=16/27	0.16	1	0	0.0
ekip=24/28	0.24	1	0	0.0
ekle=3/3	0.03	1	0	0.0
el=11/71	0.11	1	0	0.0
emir=5/6	0.05	1	0	0.0
eski=8/9	0.08	1	0	0.0
et=23/32	0.23	1	0	0.0
etkili=5/5	0.05	1	0	0.0
etkinlik=3/5	0.03	1	0	0.0
etme=18/28	0.18	1	0	0.0
etmek=10/10	0.1	1	0	0.0
ettik=4/5	0.04	1	0	0.0
ev=6/8	0.06	1	0	0.0
eş=3/7	0.03	1	0	0.0
fark=6/11	0.06	1	0	0.0
farklı=9/13	0.09	1	0	0.0
fatih=3/4	0.03	1	0	0.0
faz=12/13	0.12	1	0	0.0
fotoğraf=7/9	0.07	1	0	0.0
gazete=5/6	0.05	1	0	0.0
gazeteci=5/6	0.05	1	0	0.0
gel=25/35	0.25	1	0	0.0
geldik=10/11	0.1	1	0	0.0
gelecek=5/7	0.05	1	0	0.0
gelen=12/14	0.12	1	0	0.0
gelme=10/13	0.1	1	0	0.0
genel=11/21	0.11	1	0	0.0
genç=12/21	0.12	1	0	0.0
gerek=9/10	0.09	1	0	0.0
gereken=3/3	0.03	1	0	0.0
gerektik=3/3	0.03	1	0	0.0
gerekçe=3/3	0.03	1	0	0.0
geri=6/6	0.06	1	0	0.0
gerçek=7/10	0.07	1	0	0.0
getir=15/20	0.15	1	0	0.0
getiren=7/7	0.07	1	0	0.0
getirme=5/5	0.05	1	0	0.0
geç=5/5	0.05	1	0	0.0
geçen=20/30	0.2	1	0	0.0
geçme=3/3	0.03	1	0	0.0
geçtik=7/8	0.07	1	0	0.0
gir=6/7	0.06	1	0	0.0
giren=7/10	0.07	1	0	0.0
git=8/10	0.08	1	0	0.0
gittik=3/3	0.03	1	0	0.0
grup=20/44	0.2	1	0	0.0
gör=5/6	0.05	1	0	0.0
gördük=5/7	0.05	1	0	0.0
görev=18/30	0.18	1	0	0.0
görme=4/4	0.04	1	0	0.0
görülen=3/3	0.03	1	0	0.0
görüş=4/5	0.04	1	0	0.0
görüşme=4/6	0.04	1	0	0.0
göster=6/7	0.06	1	0	0.0
gösterdik=4/4	0.04	1	0	0.0
göz=9/10	0.09	1	0	0.0
gün=33/64	0.33	1	0	0.0
gündem=8/8	0.08	1	0	0.0
güvenlik=4/10	0.04	1	0	0.0
güzel=10/14	0.1	1	0	0.0
güç=6/7	0.06	1	0	0.0
güçlü=7/12	0.07	1	0	0.0
haber=15/28	0.15	1	0	0.0
haf=19/22	0.19	1	0	0.0
hafta=12/17	0.12	1	0	0.0
hak=19/34	0.19	1	0	0.0
hal=15/21	0.15	1	0	0.0
hareket=7/9	0.07	1	0	0.0
hayat=4/5	0.04	1	0	0.0
hazır=3/8	0.03	1	0	0.0
hazırladık=3/3	0.03	1	0	0.0
hazırlan=3/4	0.03	1	0	0.0
hedef=6/15	0.06	1	0	0.0
hizmet=3/5	0.03	1	0	0.0
hukuk=4/6	0.04	1	0	0.0
iddia=19/30	0.19	1	0	0.0
ifade=28/47	0.28	1	0	0.0
ihtiyaç=7/8	0.07	1	0	0.0
ikinci=9/10	0.09	1	0	0.0
ileri=5/5	0.05	1	0	0.0
ilgi=5/8	0.05	1	0	0.0
ilginç=6/6	0.06	1	0	0.0
ilişki=7/10	0.07	1	0	0.0
ilk=26/37	0.26	1	0	0.0
inan=12/16	0.12	1	0	0.0
ingiltere=4/6	0.04	1	0	0.0
insan=8/9	0.08	1	0	0.0
internet=6/8	0.06	1	0	0.0
isim=10/11	0.1	1	0	0.0
istanbul=21/61	0.21	1	0	0.0
iste=23/31	0.23	1	0	0.0
istedik=8/12	0.08	1	0	0.0
iyi=23/44	0.23	1	0	0.0
iç=9/9	0.09	1	0	0.0
içeri=9/15	0.09	1	0	0.0
iş=9/11	0.09	1	0	0.0
işlem=5/9	0.05	1	0	0.0
kabul=9/10	0.09	1	0	0.0
kafa=4/6	0.04	1	0	0.0
kal=7/8	0.07	1	0	0.0
kalan=4/5	0.04	1	0	0.0
kaldık=4/5	0.04	1	0	0.0
kalma=4/4	0.04	1	0	0.0
kamuoy=3/3	0.03	1	0	0.0
kapalı=4/4	0.04	1	0	0.0
kapsam=4/10	0.04	1	0	0.0
kar=5/5	0.05	1	0	0.0
karar=15/45	0.15	1	0	0.0
karşı=18/30	0.18	1	0	0.0
karşılık=3/6	0.03	1	0	0.0
katkı=4/4	0.04	1	0	0.0
katıl=7/9	0.07	1	0	0.0
katıldık=5/5	0.05	1	0	0.0
kaybet=4/6	0.04	1	0	0.0
kaydedil=3/3	0.03	1	0	0.0
kaydet=7/8	0.07	1	0	0.0
kazan=7/8	0.07	1	0	0.0
kazanan=3/3	0.03	1	0	0.0
kent=4/7	0.04	1	0	0.0
kişi=7/14	0.07	1	0	0.0
konu=24/34	0.24	1	0	0.0
konuş=22/33	0.22	1	0	0.0
konuşan=7/8	0.07	1	0	0.0
konuşma=7/14	0.07	1	0	0.0
koy=7/7	0.07	1	0	0.0
kullan=14/17	0.14	1	0	0.0
kur=5/7	0.05	1	0	0.0
kurulu=9/23	0.09	1	0	0.0
kötü=10/16	0.1	1	0	0.0
kıs=3/4	0.03	1	0	0.0
kısım=3/3	0.03	1	0	0.0
kız=3/4	0.03	1	0	0.0
la=3/4	0.03	1	0	0.0
lazım=7/10	0.07	1	0	0.0
lira=8/20	0.08	1	0	0.0
mayıs=3/4	0.03	1	0	0.0
mehmet=9/17	0.09	1	0	0.0
mesaj=6/6	0.06	1	0	0.0
milyon=9/25	0.09	1	0	0.0
muhabir=10/10	0.1	1	0	0.0
mutlu=5/10	0.05	1	0	0.0
mücadele=10/19	0.1	1	0	0.0
müdürlük=6/8	0.06	1	0	0.0
nin=3/4	0.03	1	0	0.0
nokta=5/5	0.05	1	0	0.0
nın=3/7	0.03	1	0	0.0
ocak=6/7	0.06	1	0	0.0
oda=3/4	0.03	1	0	0.0
ol=26/51	0.26	1	0	0.0
olabil=8/12	0.08	1	0	0.0
olacak=11/12	0.11	1	0	0.0
olay=8/11	0.08	1	0	0.0
olduk=6/10	0.06	1	0	0.0
oldukça=3/3	0.03	1	0	0.0
olma=26/38	0.26	1	0	0.0
olmadık=4/4	0.04	1	0	0.0
ora=4/5	0.04	1	0	0.0
orta=13/19	0.13	1	0	0.0
oy=5/9	0.05	1	0	0.0
para=9/14	0.09	1	0	0.0
pazar=7/9	0.07	1	0	0.0
performans=7/7	0.07	1	0	0.0
plan=4/6	0.04	1	0	0.0
polis=4/15	0.04	1	0	0.0
program=5/5	0.05	1	0	0.0
rakam=4/4	0.04	1	0	0.0
resim=5/5	0.05	1	0	0.0
saat=10/13	0.1	1	0	0.0
salon=5/7	0.05	1	0	0.0
savunma=3/4	0.03	1	0	0.0
sayı=3/3	0.03	1	0	0.0
seviye=5/5	0.05	1	0	0.0
site=8/10	0.08	1	0	0.0
sonuç=17/25	0.17	1	0	0.0
sor=4/5	0.04	1	0	0.0
soru=13/23	0.13	1	0	0.0
sorun=4/6	0.04	1	0	0.0
spor=28/49	0.28	1	0	0.0
su=4/7	0.04	1	0	0.0
sunduk=3/3	0.03	1	0	0.0
suç=7/18	0.07	1	0	0.0
söyle=24/27	0.24	1	0	0.0
söz=25/35	0.25	1	0	0.0
sözcü=4/4	0.04	1	0	0.0
sür=7/7	0.07	1	0	0.0
süre=3/3	0.03	1	0	0.0
süreci=4/4	0.04	1	0	0.0
süren=4/4	0.04	1	0	0.0
süreç=3/4	0.03	1	0	0.0
sürpriz=3/4	0.03	1	0	0.0
sıcak=3/3	0.03	1	0	0.0
sıkıntı=6/7	0.06	1	0	0.0
sır=5/5	0.05	1	0	0.0
sıra=11/16	0.11	1	0	0.0
tabii=6/7	0.06	1	0	0.0
tahmin=3/3	0.03	1	0	0.0
tak=54/151	0.54	1	0	0.0
takip=6/7	0.06	1	0	0.0
talep=3/3	0.03	1	0	0.0
tam=5/6	0.05	1	0	0.0
tanı=3/3	0.03	1	0	0.0
taraf=8/9	0.08	1	0	0.0
tarih=9/12	0.09	1	0	0.0
tartışma=4/5	0.04	1	0	0.0
taş=3/4	0.03	1	0	0.0
tek=9/13	0.09	1	0	0.0
teknik=26/61	0.26	1	0	0.0
tekrar=7/9	0.07	1	0	0.0
temsilci=5/5	0.05	1	0	0.0
tepki=3/3	0.03	1	0	0.0
tespit=4/4	0.04	1	0	0.0
teşekkür=7/10	0.07	1	0	0.0
tl=6/14	0.06	1	0	0.0
top=5/5	0.05	1	0	0.0
topla=3/5	0.03	1	0	0.0
toplantı=12/18	0.12	1	0	0.0
tür=3/4	0.03	1	0	0.0
türk=22/30	0.22	1	0	0.0
türkiye=38/75	0.38	1	0	0.0
uluslararası=5/6	0.05	1	0	0.0
uyarı=3/3	0.03	1	0	0.0
uygun=8/17	0.08	1	0	0.0
uz=8/10	0.08	1	0	0.0
ver=36/60	0.36	1	0	0.0
verdik=8/10	0.08	1	0	0.0
veren=5/5	0.05	1	0	0.0
veril=4/4	0.04	1	0	0.0
verilme=3/3	0.03	1	0	0.0
verme=6/8	0.06	1	0	0.0
vermek=3/3	0.03	1	0	0.0
vurgulayan=3/3	0.03	1	0	0.0
yak=8/10	0.08	1	0	0.0
yan=7/13	0.07	1	0	0.0
yanıt=4/6	0.04	1	0	0.0
yap=17/20	0.17	1	0	0.0
yapan=11/15	0.11	1	0	0.0
yapma=11/18	0.11	1	0	0.0
yaptık=4/5	0.04	1	0	0.0
yapı=5/11	0.05	1	0	0.0
yapıl=12/17	0.12	1	0	0.0
yapıldık=6/6	0.06	1	0	0.0
yapılma=3/4	0.03	1	0	0.0
yar=11/15	0.11	1	0	0.0
yardımcı=8/12	0.08	1	0	0.0
yarı=3/3	0.03	1	0	0.0
yay=3/3	0.03	1	0	0.0
yaz=6/6	0.06	1	0	0.0
yaş=5/5	0.05	1	0	0.0
yaşa=14/18	0.14	1	0	0.0
yaşadık=11/11	0.11	1	0	0.0
yaşanan=6/9	0.06	1	0	0.0
ye=19/22	0.19	1	0	0.0
yen=18/32	0.18	1	0	0.0
yeni=6/8	0.06	1	0	0.0
yer=13/14	0.13	1	0	0.0
yeterli=6/6	0.06	1	0	0.0
yok=18/40	0.18	1	0	0.0
yol=13/15	0.13	1	0	0.0
yön=6/6	0.06	1	0	0.0
yönetici=11/13	0.11	1	0	0.0
yönetim=15/29	0.15	1	0	0.0
yıl=25/36	0.25	1	0	0.0
yıldız=15/26	0.15	1	0	0.0
yıllık=7/10	0.07	1	0	0.0
zaman=13/35	0.13	1	0	0.0
ziyaret=3/5	0.03	1	0	0.0
zor=18/22	0.18	1	0	0.0
çaba=3/3	0.03	1	0	0.0
çalış=6/11	0.06	1	0	0.0
çalışma=13/14	0.13	1	0	0.0
çalıştık=9/9	0.09	1	0	0.0
çarşamba=3/3	0.03	1	0	0.0
çek=4/5	0.04	1	0	0.0
çeşitli=3/3	0.03	1	0	0.0
çift=3/3	0.03	1	0	0.0
çocuk=4/9	0.04	1	0	0.0
çık=12/16	0.12	1	0	0.0
çıkan=4/6	0.04	1	0	0.0
çıkma=8/10	0.08	1	0	0.0
çıktık=5/5	0.05	1	0	0.0
çıkış=5/7	0.05	1	0	0.0
ömer=3/3	0.03	1	0	0.0
önemli=17/25	0.17	1	0	0.0
örgüt=3/3	0.03	1	0	0.0
özel=3/4	0.03	1	0	0.0
özellik=6/9	0.06	1	0	0.0
ülke=13/13	0.13	1	0	0.0
ünlü=5/8	0.05	1	0	0.0
üst=9/13	0.09	1	0	0.0
üye=5/8	0.05	1	0	0.0
üzeri=20/26	0.2	1	0	0.0
şekil=9/10	0.09	1	0	0.0
şekli=10/11	0.1	1	0	0.0
