kullanıcı=57/161	0.57	9	1.252418	0.0
google=22/76	0.22	9	0.4833894	0.0
apple=19/81	0.19	9	0.4174727	0.0
işletim=17/24	0.17	9	0.3735282	0.0
dijital=16/38	0.16	9	0.3515559	0.0
iphone=13/35	0.13	9	0.2856392	0.0
windows=13/34	0.13	9	0.2856392	0.0
popüler=12/12	0.12	9	0.2636669	0.0
bilgisayar=23/112	0.23	3	0.2526808	0.0
internette=11/32	0.11	9	0.2416947	0.0
tablet=11/14	0.11	9	0.2416947	0.0
yazılım=11/18	0.11	9	0.2416947	0.0
ürün=21/42	0.21	3	0.2307086	0.0
microsoft=10/38	0.1	9	0.2197225	0.0
platform=10/20	0.1	9	0.2197225	0.0
facebook=15/31	0.15	4	0.2079442	0.0
teknoloji=29/70	0.29	2	0.2010127	0.0
kullanım=18/23	0.18	3	0.1977502	0.0
mobil=9/33	0.09	9	0.1977502	0.0
samsung=9/42	0.09	9	0.1977502	0.0
şifre=9/20	0.09	9	0.1977502	0.0
akıllı=14/30	0.14	4	0.1940812	0.0
paylaşım=14/17	0.14	4	0.1940812	0.0
kullanılan=17/20	0.17	3	0.1867641	0.0
duyur=13/13	0.13	4	0.1802183	0.0
tüketici=13/18	0.13	4	0.1802183	0.0
abone=8/8	0.08	9	0.175778	0.0
android=8/21	0.08	9	0.175778	0.0
ipad=8/20	0.08	9	0.175778	0.0
paylaşma=8/17	0.08	9	0.175778	0.0
cihaz=24/59	0.24	2	0.1663553	0.0
artıyor=7/8	0.07	9	0.1538057	0.0
bulut=7/12	0.07	9	0.1538057	0.0
eriş=7/11	0.07	9	0.1538057	0.0
güvenli=7/15	0.07	9	0.1538057	0.0
internetin=7/20	0.07	9	0.1538057	0.0
kart=7/8	0.07	9	0.1538057	0.0
mail=7/7	0.07	9	0.1538057	0.0
sürüm=7/9	0.07	9	0.1538057	0.0
tabanlı=7/7	0.07	9	0.1538057	0.0
ağ=11/16	0.11	4	0.1524924	0.0
ekran=11/23	0.11	4	0.1524924	0.0
ödeme=10/18	0.1	4	0.1386294	0.0
ayrılma=6/7	0.06	9	0.1318335	0.0
biliş=6/6	0.06	9	0.1318335	0.0
değişen=6/6	0.06	9	0.1318335	0.0
görüntülü=6/7	0.06	9	0.1318335	0.0
güncel=6/12	0.06	9	0.1318335	0.0
güncelleme=6/12	0.06	9	0.1318335	0.0
internete=6/13	0.06	9	0.1318335	0.0
internetten=6/8	0.06	9	0.1318335	0.0
servi=6/9	0.06	9	0.1318335	0.0
sunan=6/6	0.06	9	0.1318335	0.0
hızlı=17/26	0.17	2	0.117835	0.0
kullanarak=8/8	0.08	4	0.1109035	0.0
nesil=8/8	0.08	4	0.1109035	0.0
oyun=16/93	0.16	2	0.1109035	0.0
sunul=8/13	0.08	4	0.1109035	0.0
avustralya=5/18	0.05	9	0.1098612	0.0
deneyim=5/9	0.05	9	0.1098612	0.0
donan=5/11	0.05	9	0.1098612	0.0
erişebil=5/5	0.05	9	0.1098612	0.0
etkileşim=5/7	0.05	9	0.1098612	0.0
fi=5/11	0.05	9	0.1098612	0.0
galaxy=5/16	0.05	9	0.1098612	0.0
ios=5/16	0.05	9	0.1098612	0.0
kitle=5/5	0.05	9	0.1098612	0.0
klavye=5/7	0.05	9	0.1098612	0.0
logo=5/15	0.05	9	0.1098612	0.0
pc=5/8	0.05	9	0.1098612	0.0
penetrasyonu=5/5	0.05	9	0.1098612	0.0
solucan=5/6	0.05	9	0.1098612	0.0
tutkun=5/11	0.05	9	0.1098612	0.0
wi=5/11	0.05	9	0.1098612	0.0
yayınlanma=5/5	0.05	9	0.1098612	0.0
zelanda=5/5	0.05	9	0.1098612	0.0
com=15/25	0.15	2	0.1039721	0.0
sat=15/22	0.15	2	0.1039721	0.0
aracılık=9/11	0.09	3	0.0988751	0.0
elektronik=9/18	0.09	3	0.0988751	0.0
fırsat=9/9	0.09	3	0.0988751	0.0
kişisel=9/14	0.09	3	0.0988751	0.0
standart=9/13	0.09	3	0.0988751	0.0
sun=9/10	0.09	3	0.0988751	0.0
deney=7/17	0.07	4	0.0970406	0.0
mağaza=7/13	0.07	4	0.0970406	0.0
sayfa=14/33	0.14	2	0.0970406	0.0
servis=14/23	0.14	2	0.0970406	0.0
türkçe=7/31	0.07	4	0.0970406	0.0
üretici=7/10	0.07	4	0.0970406	0.0
akademi=4/11	0.04	9	0.087889	0.0
alınabildik=4/4	0.04	9	0.087889	0.0
amaçla=4/4	0.04	9	0.087889	0.0
barındıran=4/4	0.04	9	0.087889	0.0
bağımlı=4/4	0.04	9	0.087889	0.0
bilimci=4/5	0.04	9	0.087889	0.0
blogger=4/4	0.04	9	0.087889	0.0
devrim=4/7	0.04	9	0.087889	0.0
değişim=4/4	0.04	9	0.087889	0.0
free=4/4	0.04	9	0.087889	0.0
gb=4/6	0.04	9	0.087889	0.0
geliştirme=8/8	0.08	3	0.087889	0.0
gerçekleştirilen=8/11	0.08	3	0.087889	0.0
gizlilik=4/4	0.04	9	0.087889	0.0
gök=4/6	0.04	9	0.087889	0.0
hd=4/4	0.04	9	0.087889	0.0
hızlandır=4/4	0.04	9	0.087889	0.0
indirme=4/6	0.04	9	0.087889	0.0
interaktif=4/4	0.04	9	0.087889	0.0
inç=4/6	0.04	9	0.087889	0.0
içerik=8/14	0.08	3	0.087889	0.0
işlemci=4/6	0.04	9	0.087889	0.0
live=4/17	0.04	9	0.087889	0.0
masaüst=4/6	0.04	9	0.087889	0.0
menü=4/9	0.04	9	0.087889	0.0
online=4/8	0.04	9	0.087889	0.0
otomatik=4/5	0.04	9	0.087889	0.0
pasifik=4/4	0.04	9	0.087889	0.0
patent=4/25	0.04	9	0.087889	0.0
pazarlama=4/8	0.04	9	0.087889	0.0
plus=4/4	0.04	9	0.087889	0.0
sanal=4/5	0.04	9	0.087889	0.0
siber=4/10	0.04	9	0.087889	0.0
sit=4/4	0.04	9	0.087889	0.0
sürü=4/8	0.04	9	0.087889	0.0
tarayıcı=4/9	0.04	9	0.087889	0.0
tartışıl=4/4	0.04	9	0.087889	0.0
tayfun=4/4	0.04	9	0.087889	0.0
trend=4/9	0.04	9	0.087889	0.0
video=8/10	0.08	3	0.087889	0.0
yatırıl=4/4	0.04	9	0.087889	0.0
yaygınlaşma=4/4	0.04	9	0.087889	0.0
yepyeni=4/4	0.04	9	0.087889	0.0
yükleme=4/5	0.04	9	0.087889	0.0
ücretli=4/4	0.04	9	0.087889	0.0
ıı=4/6	0.04	9	0.087889	0.0
amaç=6/6	0.06	4	0.0831777	0.0
beklenen=6/6	0.06	4	0.0831777	0.0
bulan=6/6	0.06	4	0.0831777	0.0
geliştirdik=6/6	0.06	4	0.0831777	0.0
haberleşme=6/9	0.06	4	0.0831777	0.0
izlemek=6/7	0.06	4	0.0831777	0.0
karakter=6/13	0.06	4	0.0831777	0.0
potansiyel=6/6	0.06	4	0.0831777	0.0
rekabet=6/6	0.06	4	0.0831777	0.0
sanat=6/7	0.06	4	0.0831777	0.0
seri=6/7	0.06	4	0.0831777	0.0
veri=12/19	0.12	2	0.0831777	0.0
virüs=6/38	0.06	4	0.0831777	0.0
youtube=6/9	0.06	4	0.0831777	0.0
ücretsiz=6/10	0.06	4	0.0831777	0.0
adet=7/7	0.07	3	0.0769029	0.0
adres=7/10	0.07	3	0.0769029	0.0
açan=7/8	0.07	3	0.0769029	0.0
seçenek=7/9	0.07	3	0.0769029	0.0
bölü=11/12	0.11	2	0.0762462	0.0
dünyaca=5/8	0.05	4	0.0693147	0.0
gönder=5/5	0.05	4	0.0693147	0.0
jeff=5/8	0.05	4	0.0693147	0.0
kitap=5/7	0.05	4	0.0693147	0.0
kredi=5/5	0.05	4	0.0693147	0.0
müşteri=5/8	0.05	4	0.0693147	0.0
olanak=5/5	0.05	4	0.0693147	0.0
ortam=5/5	0.05	4	0.0693147	0.0
sinyal=5/7	0.05	4	0.0693147	0.0
topluluk=5/8	0.05	4	0.0693147	0.0
tr=5/5	0.05	4	0.0693147	0.0
yatır=5/16	0.05	4	0.0693147	0.0
yazar=5/8	0.05	4	0.0693147	0.0
zararlı=5/23	0.05	4	0.0693147	0.0
çeyrek=5/13	0.05	4	0.0693147	0.0
ücret=5/5	0.05	4	0.0693147	0.0
4g=3/4	0.03	9	0.0659167	0.0
abraham=3/5	0.03	9	0.0659167	0.0
acarer=3/12	0.03	9	0.0659167	0.0
adapte=3/3	0.03	9	0.0659167	0.0
akademisyen=3/6	0.03	9	0.0659167	0.0
akpınar=3/3	0.03	9	0.0659167	0.0
algı=3/3	0.03	9	0.0659167	0.0
anlık=3/6	0.03	9	0.0659167	0.0
arayüz=3/4	0.03	9	0.0659167	0.0
arjantin=3/3	0.03	9	0.0659167	0.0
arkadaşlık=3/7	0.03	9	0.0659167	0.0
artmasını=3/3	0.03	9	0.0659167	0.0
arıboğan=3/3	0.03	9	0.0659167	0.0
astronom=3/4	0.03	9	0.0659167	0.0
ayrıntı=3/3	0.03	9	0.0659167	0.0
ayrıntılı=3/3	0.03	9	0.0659167	0.0
açılacak=3/4	0.03	9	0.0659167	0.0
bambaşka=3/3	0.03	9	0.0659167	0.0
batarya=3/4	0.03	9	0.0659167	0.0
bağlantılı=3/4	0.03	9	0.0659167	0.0
başlatan=3/3	0.03	9	0.0659167	0.0
becer=3/3	0.03	9	0.0659167	0.0
benzer=3/3	0.03	9	0.0659167	0.0
berkman=3/3	0.03	9	0.0659167	0.0
big=3/25	0.03	9	0.0659167	0.0
bilim=3/3	0.03	9	0.0659167	0.0
binali=3/6	0.03	9	0.0659167	0.0
bittik=3/3	0.03	9	0.0659167	0.0
blackberry=3/23	0.03	9	0.0659167	0.0
borders=3/3	0.03	9	0.0659167	0.0
bram=3/13	0.03	9	0.0659167	0.0
bulaşan=3/4	0.03	9	0.0659167	0.0
bulaşma=3/3	0.03	9	0.0659167	0.0
bulunduran=3/4	0.03	9	0.0659167	0.0
bıraktık=3/3	0.03	9	0.0659167	0.0
cabas=3/3	0.03	9	0.0659167	0.0
call=3/8	0.03	9	0.0659167	0.0
chat=3/3	0.03	9	0.0659167	0.0
citizen=3/3	0.03	9	0.0659167	0.0
denemeç=3/3	0.03	9	0.0659167	0.0
depolama=3/3	0.03	9	0.0659167	0.0
değiştirdik=3/3	0.03	9	0.0659167	0.0
dijial=3/3	0.03	9	0.0659167	0.0
djital=3/3	0.03	9	0.0659167	0.0
dokunduk=3/3	0.03	9	0.0659167	0.0
doodle=3/8	0.03	9	0.0659167	0.0
drakula=3/4	0.03	9	0.0659167	0.0
drive=3/5	0.03	9	0.0659167	0.0
dropbox=3/11	0.03	9	0.0659167	0.0
duty=3/8	0.03	9	0.0659167	0.0
duyma=3/3	0.03	9	0.0659167	0.0
eczacıbaşı=3/3	0.03	9	0.0659167	0.0
editör=3/3	0.03	9	0.0659167	0.0
eklenti=3/7	0.03	9	0.0659167	0.0
ekstra=3/3	0.03	9	0.0659167	0.0
electronics=3/8	0.03	9	0.0659167	0.0
emma=3/3	0.03	9	0.0659167	0.0
expression=3/3	0.03	9	0.0659167	0.0
eğlence=6/17	0.06	3	0.0659167	0.0
federal=3/3	0.03	9	0.0659167	0.0
ferhan=3/3	0.03	9	0.0659167	0.0
fiil=3/3	0.03	9	0.0659167	0.0
fitreleme=3/3	0.03	9	0.0659167	0.0
foundation=3/3	0.03	9	0.0659167	0.0
gasser=3/3	0.03	9	0.0659167	0.0
geliştiril=3/4	0.03	9	0.0659167	0.0
genişletme=3/3	0.03	9	0.0659167	0.0
gerçekleştirme=3/3	0.03	9	0.0659167	0.0
getirebil=3/3	0.03	9	0.0659167	0.0
getirebilmek=3/3	0.03	9	0.0659167	0.0
gezme=3/3	0.03	9	0.0659167	0.0
geçir=6/8	0.06	3	0.0659167	0.0
gine=3/3	0.03	9	0.0659167	0.0
gittikçe=3/4	0.03	9	0.0659167	0.0
gmail=3/8	0.03	9	0.0659167	0.0
grafik=3/3	0.03	9	0.0659167	0.0
görsel=3/5	0.03	9	0.0659167	0.0
görünme=3/3	0.03	9	0.0659167	0.0
görünüş=3/5	0.03	9	0.0659167	0.0
gülşan=3/3	0.03	9	0.0659167	0.0
gürses=3/3	0.03	9	0.0659167	0.0
güvenil=3/6	0.03	9	0.0659167	0.0
habertürk=3/3	0.03	9	0.0659167	0.0
hiçsönmez=3/6	0.03	9	0.0659167	0.0
hosting=3/3	0.03	9	0.0659167	0.0
ihmal=3/4	0.03	9	0.0659167	0.0
inanılma=3/3	0.03	9	0.0659167	0.0
indirip=3/3	0.03	9	0.0659167	0.0
ipod=3/4	0.03	9	0.0659167	0.0
izinsiz=3/4	0.03	9	0.0659167	0.0
izlenebil=3/4	0.03	9	0.0659167	0.0
içeren=6/6	0.06	3	0.0659167	0.0
işleme=3/8	0.03	9	0.0659167	0.0
jarvis=3/6	0.03	9	0.0659167	0.0
jayasekera=3/3	0.03	9	0.0659167	0.0
kamera=6/7	0.06	3	0.0659167	0.0
kap=3/3	0.03	9	0.0659167	0.0
katılımcı=3/3	0.03	9	0.0659167	0.0
kefenli=3/3	0.03	9	0.0659167	0.0
kel=3/3	0.03	9	0.0659167	0.0
keşfedil=3/3	0.03	9	0.0659167	0.0
kilometrelik=3/4	0.03	9	0.0659167	0.0
klasör=3/4	0.03	9	0.0659167	0.0
konsol=3/28	0.03	9	0.0659167	0.0
konuştuk=3/3	0.03	9	0.0659167	0.0
kor=6/9	0.06	3	0.0659167	0.0
kullanılabilen=3/3	0.03	9	0.0659167	0.0
kumar=3/3	0.03	9	0.0659167	0.0
kurucu=6/7	0.06	3	0.0659167	0.0
kuzuloğlu=3/3	0.03	9	0.0659167	0.0
kılarak=3/3	0.03	9	0.0659167	0.0
kısmi=3/3	0.03	9	0.0659167	0.0
kısıtlı=3/3	0.03	9	0.0659167	0.0
lanse=3/3	0.03	9	0.0659167	0.0
lar=3/3	0.03	9	0.0659167	0.0
leyla=3/3	0.03	9	0.0659167	0.0
limited=3/4	0.03	9	0.0659167	0.0
lowther=3/3	0.03	9	0.0659167	0.0
lucie=3/3	0.03	9	0.0659167	0.0
mac=3/3	0.03	9	0.0659167	0.0
manzara=3/3	0.03	9	0.0659167	0.0
mapping=3/3	0.03	9	0.0659167	0.0
mesajlaşma=3/7	0.03	9	0.0659167	0.0
mirgün=3/3	0.03	9	0.0659167	0.0
moderasyonunda=3/3	0.03	9	0.0659167	0.0
moderatörlüğünü=3/3	0.03	9	0.0659167	0.0
morillon=3/3	0.03	9	0.0659167	0.0
mücevher=3/3	0.03	9	0.0659167	0.0
nden=3/9	0.03	9	0.0659167	0.0
odabaşı=3/3	0.03	9	0.0659167	0.0
okumak=3/3	0.03	9	0.0659167	0.0
okuyan=3/3	0.03	9	0.0659167	0.0
oldunu=3/3	0.03	9	0.0659167	0.0
one=3/4	0.03	9	0.0659167	0.0
ops=3/6	0.03	9	0.0659167	0.0
optik=3/6	0.03	9	0.0659167	0.0
panel=3/15	0.03	9	0.0659167	0.0
papua=3/3	0.03	9	0.0659167	0.0
parlayan=3/3	0.03	9	0.0659167	0.0
paylaşmama=3/5	0.03	9	0.0659167	0.0
perspektif=3/3	0.03	9	0.0659167	0.0
politikacı=3/3	0.03	9	0.0659167	0.0
portalı=3/3	0.03	9	0.0659167	0.0
purut=3/3	0.03	9	0.0659167	0.0
rahşan=3/3	0.03	9	0.0659167	0.0
reha=3/3	0.03	9	0.0659167	0.0
reporters=3/3	0.03	9	0.0659167	0.0
rezervasyon=3/5	0.03	9	0.0659167	0.0
rohan=3/3	0.03	9	0.0659167	0.0
sakınma=3/6	0.03	9	0.0659167	0.0
saldırgan=3/10	0.03	9	0.0659167	0.0
saniye=3/6	0.03	9	0.0659167	0.0
serhat=3/3	0.03	9	0.0659167	0.0
skydrive=3/3	0.03	9	0.0659167	0.0
skype=3/17	0.03	9	0.0659167	0.0
sorup=3/3	0.03	9	0.0659167	0.0
stoker=3/25	0.03	9	0.0659167	0.0
studio=3/8	0.03	9	0.0659167	0.0
sunma=3/3	0.03	9	0.0659167	0.0
sunulacak=3/4	0.03	9	0.0659167	0.0
sunulan=3/3	0.03	9	0.0659167	0.0
sunulma=3/3	0.03	9	0.0659167	0.0
sözlük=3/3	0.03	9	0.0659167	0.0
sıkışmama=3/3	0.03	9	0.0659167	0.0
sınırsız=3/3	0.03	9	0.0659167	0.0
sıralama=3/3	0.03	9	0.0659167	0.0
sırt=3/3	0.03	9	0.0659167	0.0
takipçi=3/5	0.03	9	0.0659167	0.0
tamer=3/4	0.03	9	0.0659167	0.0
tanımayan=3/3	0.03	9	0.0659167	0.0
tasarla=3/3	0.03	9	0.0659167	0.0
tat=3/4	0.03	9	0.0659167	0.0
telif=3/3	0.03	9	0.0659167	0.0
tent=3/25	0.03	9	0.0659167	0.0
the=6/16	0.06	3	0.0659167	0.0
timur=3/3	0.03	9	0.0659167	0.0
touch=3/6	0.03	9	0.0659167	0.0
tutan=3/3	0.03	9	0.0659167	0.0
tıkla=3/3	0.03	9	0.0659167	0.0
tıklayarak=3/3	0.03	9	0.0659167	0.0
urs=3/3	0.03	9	0.0659167	0.0
uzay=3/10	0.03	9	0.0659167	0.0
varan=3/3	0.03	9	0.0659167	0.0
vererek=6/6	0.06	3	0.0659167	0.0
vurgulan=3/3	0.03	9	0.0659167	0.0
wansoo=3/3	0.03	9	0.0659167	0.0
watch=3/3	0.03	9	0.0659167	0.0
without=3/3	0.03	9	0.0659167	0.0
www=3/5	0.03	9	0.0659167	0.0
xbox=3/55	0.03	9	0.0659167	0.0
yakalamak=3/6	0.03	9	0.0659167	0.0
yasaklı=3/3	0.03	9	0.0659167	0.0
yatırıldık=3/6	0.03	9	0.0659167	0.0
yayılma=3/4	0.03	9	0.0659167	0.0
yerelleşme=3/3	0.03	9	0.0659167	0.0
yerli=6/6	0.06	3	0.0659167	0.0
yetenekli=3/3	0.03	9	0.0659167	0.0
yoğunlaşıl=3/3	0.03	9	0.0659167	0.0
yrd=3/3	0.03	9	0.0659167	0.0
yönetmek=3/3	0.03	9	0.0659167	0.0
yönlendiril=3/3	0.03	9	0.0659167	0.0
çatı=3/3	0.03	9	0.0659167	0.0
öncülük=3/3	0.03	9	0.0659167	0.0
önlenme=3/3	0.03	9	0.0659167	0.0
özeren=3/3	0.03	9	0.0659167	0.0
öğrenim=3/3	0.03	9	0.0659167	0.0
öğrenme=3/3	0.03	9	0.0659167	0.0
ünlenen=3/3	0.03	9	0.0659167	0.0
üretmek=3/3	0.03	9	0.0659167	0.0
ım=3/3	0.03	9	0.0659167	0.0
ındex=3/3	0.03	9	0.0659167	0.0
şarj=3/11	0.03	9	0.0659167	0.0
şen=3/3	0.03	9	0.0659167	0.0
dr=9/27	0.09	2	0.0623832	0.0
hesap=9/21	0.09	2	0.0623832	0.0
kullanıl=9/11	0.09	2	0.0623832	0.0
küresel=9/13	0.09	2	0.0623832	0.0
twitter=9/25	0.09	2	0.0623832	0.0
altyapı=8/12	0.08	2	0.0554518	0.0
araştırmacı=4/16	0.04	4	0.0554518	0.0
baktık=8/8	0.08	2	0.0554518	0.0
başlıklı=4/4	0.04	4	0.0554518	0.0
belirtilen=4/5	0.04	4	0.0554518	0.0
benze=8/10	0.08	2	0.0554518	0.0
beğeni=4/4	0.04	4	0.0554518	0.0
boyutlu=4/8	0.04	4	0.0554518	0.0
değinen=4/4	0.04	4	0.0554518	0.0
dinamik=4/4	0.04	4	0.0554518	0.0
endonezya=4/4	0.04	4	0.0554518	0.0
fonksiyon=4/4	0.04	4	0.0554518	0.0
forum=4/13	0.04	4	0.0554518	0.0
gönderilen=4/5	0.04	4	0.0554518	0.0
görü=4/4	0.04	4	0.0554518	0.0
harika=4/4	0.04	4	0.0554518	0.0
harita=4/13	0.04	4	0.0554518	0.0
ilerleyen=4/5	0.04	4	0.0554518	0.0
kapan=4/5	0.04	4	0.0554518	0.0
kilit=4/4	0.04	4	0.0554518	0.0
kurgu=4/4	0.04	4	0.0554518	0.0
kurumsal=4/9	0.04	4	0.0554518	0.0
liderlik=4/7	0.04	4	0.0554518	0.0
marka=4/4	0.04	4	0.0554518	0.0
müzik=8/33	0.08	2	0.0554518	0.0
nihat=4/4	0.04	4	0.0554518	0.0
numara=4/4	0.04	4	0.0554518	0.0
olası=4/4	0.04	4	0.0554518	0.0
profil=4/7	0.04	4	0.0554518	0.0
sevdik=4/4	0.04	4	0.0554518	0.0
ulaştırma=4/7	0.04	4	0.0554518	0.0
yasak=4/4	0.04	4	0.0554518	0.0
yaygı=4/4	0.04	4	0.0554518	0.0
yıldırım=4/10	0.04	4	0.0554518	0.0
çeşitlilik=4/5	0.04	4	0.0554518	0.0
üniversitesi=4/4	0.04	4	0.0554518	0.0
afrika=5/7	0.05	3	0.0549306	0.0
bünye=5/7	0.05	3	0.0549306	0.0
duyduk=5/5	0.05	3	0.0549306	0.0
edebil=5/9	0.05	3	0.0549306	0.0
inandık=5/5	0.05	3	0.0549306	0.0
ortalama=5/16	0.05	3	0.0549306	0.0
peki=5/5	0.05	3	0.0549306	0.0
ruh=5/5	0.05	3	0.0549306	0.0
tamamla=5/5	0.05	3	0.0549306	0.0
yatırım=5/11	0.05	3	0.0549306	0.0
açılış=7/10	0.07	2	0.0485203	0.0
bağlantı=7/9	0.07	2	0.0485203	0.0
buluş=7/14	0.07	2	0.0485203	0.0
direktör=7/8	0.07	2	0.0485203	0.0
dosya=7/11	0.07	2	0.0485203	0.0
kullanma=7/8	0.07	2	0.0485203	0.0
kurulan=7/7	0.07	2	0.0485203	0.0
milyar=7/9	0.07	2	0.0485203	0.0
prof=7/15	0.07	2	0.0485203	0.0
rakip=7/7	0.07	2	0.0485203	0.0
web=7/11	0.07	2	0.0485203	0.0
üçüncü=7/11	0.07	2	0.0485203	0.0
açıl=4/4	0.04	3	0.0439445	0.0
gez=4/4	0.04	3	0.0439445	0.0
görün=4/4	0.04	3	0.0439445	0.0
ihlal=4/11	0.04	3	0.0439445	0.0
ince=4/4	0.04	3	0.0439445	0.0
izle=4/6	0.04	3	0.0439445	0.0
karanlık=4/5	0.04	3	0.0439445	0.0
kategori=4/12	0.04	3	0.0439445	0.0
kesim=4/5	0.04	3	0.0439445	0.0
kol=4/4	0.04	3	0.0439445	0.0
oluştuk=4/4	0.04	3	0.0439445	0.0
orman=4/5	0.04	3	0.0439445	0.0
oyna=4/4	0.04	3	0.0439445	0.0
planla=4/5	0.04	3	0.0439445	0.0
pos=4/4	0.04	3	0.0439445	0.0
sanatçı=4/4	0.04	3	0.0439445	0.0
sandy=4/4	0.04	3	0.0439445	0.0
sağ=4/4	0.04	3	0.0439445	0.0
siyaset=4/6	0.04	3	0.0439445	0.0
versiyon=4/4	0.04	3	0.0439445	0.0
yapabil=4/4	0.04	3	0.0439445	0.0
yayınla=4/4	0.04	3	0.0439445	0.0
yayınlanan=4/4	0.04	3	0.0439445	0.0
yaşandık=4/4	0.04	3	0.0439445	0.0
öncelik=4/4	0.04	3	0.0439445	0.0
öğreti=4/5	0.04	3	0.0439445	0.0
aktif=3/3	0.03	4	0.0415888	0.0
alışkanlık=3/5	0.03	4	0.0415888	0.0
amerikalı=3/5	0.03	4	0.0415888	0.0
aracı=6/7	0.06	2	0.0415888	0.0
aralık=6/7	0.06	2	0.0415888	0.0
artması=3/3	0.03	4	0.0415888	0.0
bankacılık=3/4	0.03	4	0.0415888	0.0
başak=3/3	0.03	4	0.0415888	0.0
başlangıç=3/4	0.03	4	0.0415888	0.0
başlık=3/4	0.03	4	0.0415888	0.0
black=3/6	0.03	4	0.0415888	0.0
bulma=3/3	0.03	4	0.0415888	0.0
büro=3/3	0.03	4	0.0415888	0.0
ceo=3/10	0.03	4	0.0415888	0.0
davranış=3/3	0.03	4	0.0415888	0.0
denizcilik=3/6	0.03	4	0.0415888	0.0
destekle=3/3	0.03	4	0.0415888	0.0
dinle=3/3	0.03	4	0.0415888	0.0
doç=3/3	0.03	4	0.0415888	0.0
doğ=3/3	0.03	4	0.0415888	0.0
efsane=3/4	0.03	4	0.0415888	0.0
ekşi=3/3	0.03	4	0.0415888	0.0
eser=3/3	0.03	4	0.0415888	0.0
esrar=3/3	0.03	4	0.0415888	0.0
ettirme=3/3	0.03	4	0.0415888	0.0
finansal=3/3	0.03	4	0.0415888	0.0
geçiş=6/7	0.06	2	0.0415888	0.0
gönderdik=3/3	0.03	4	0.0415888	0.0
has=6/6	0.06	2	0.0415888	0.0
hedefleyen=3/3	0.03	4	0.0415888	0.0
icra=3/3	0.03	4	0.0415888	0.0
istifa=3/8	0.03	4	0.0415888	0.0
kadir=3/3	0.03	4	0.0415888	0.0
kaldırdık=3/3	0.03	4	0.0415888	0.0
kanalı=3/4	0.03	4	0.0415888	0.0
kay=3/3	0.03	4	0.0415888	0.0
konulu=3/6	0.03	4	0.0415888	0.0
köşe=3/6	0.03	4	0.0415888	0.0
kıyı=3/7	0.03	4	0.0415888	0.0
lansman=3/3	0.03	4	0.0415888	0.0
nisa=6/6	0.06	2	0.0415888	0.0
numaralı=3/3	0.03	4	0.0415888	0.0
olgu=3/3	0.03	4	0.0415888	0.0
oluşturma=3/3	0.03	4	0.0415888	0.0
oluşturulma=3/3	0.03	4	0.0415888	0.0
ortaklık=3/4	0.03	4	0.0415888	0.0
polat=3/3	0.03	4	0.0415888	0.0
radikal=3/3	0.03	4	0.0415888	0.0
rahatsız=3/5	0.03	4	0.0415888	0.0
roman=3/9	0.03	4	0.0415888	0.0
sahte=3/6	0.03	4	0.0415888	0.0
satıl=3/3	0.03	4	0.0415888	0.0
sayısız=3/3	0.03	4	0.0415888	0.0
serdar=3/3	0.03	4	0.0415888	0.0
sertifika=3/14	0.03	4	0.0415888	0.0
süper=3/3	0.03	4	0.0415888	0.0
sınırlı=3/3	0.03	4	0.0415888	0.0
temel=6/8	0.06	2	0.0415888	0.0
test=6/8	0.06	2	0.0415888	0.0
ticaret=6/17	0.06	2	0.0415888	0.0
tor=3/3	0.03	4	0.0415888	0.0
transfer=3/4	0.03	4	0.0415888	0.0
turist=3/7	0.03	4	0.0415888	0.0
ulaşmak=3/3	0.03	4	0.0415888	0.0
ulaştık=3/3	0.03	4	0.0415888	0.0
uy=6/9	0.06	2	0.0415888	0.0
uzak=6/10	0.06	2	0.0415888	0.0
yarama=3/3	0.03	4	0.0415888	0.0
yazma=3/3	0.03	4	0.0415888	0.0
yelpaze=3/4	0.03	4	0.0415888	0.0
yerleş=3/3	0.03	4	0.0415888	0.0
yüzyıl=3/7	0.03	4	0.0415888	0.0
yıldızlı=3/3	0.03	4	0.0415888	0.0
çadır=3/6	0.03	4	0.0415888	0.0
çoklu=3/4	0.03	4	0.0415888	0.0
üyelik=3/3	0.03	4	0.0415888	0.0
şili=3/3	0.03	4	0.0415888	0.0
şube=3/3	0.03	4	0.0415888	0.0
eleştiri=5/5	0.05	2	0.0346574	0.0
girdik=5/8	0.05	2	0.0346574	0.0
inceleme=5/9	0.05	2	0.0346574	0.0
kapasite=5/7	0.05	2	0.0346574	0.0
lider=5/5	0.05	2	0.0346574	0.0
mutluluk=5/5	0.05	2	0.0346574	0.0
of=5/18	0.05	2	0.0346574	0.0
oyuncu=5/9	0.05	2	0.0346574	0.0
parti=5/6	0.05	2	0.0346574	0.0
sorumlu=5/10	0.05	2	0.0346574	0.0
tatil=5/9	0.05	2	0.0346574	0.0
çekme=5/7	0.05	2	0.0346574	0.0
çıkarma=5/5	0.05	2	0.0346574	0.0
ışık=5/7	0.05	2	0.0346574	0.0
alışveriş=3/5	0.03	3	0.0329584	0.0
arena=3/3	0.03	3	0.0329584	0.0
arttığını=3/3	0.03	3	0.0329584	0.0
bilin=3/3	0.03	3	0.0329584	0.0
boyut=3/3	0.03	3	0.0329584	0.0
duyuru=3/3	0.03	3	0.0329584	0.0
düşük=3/3	0.03	3	0.0329584	0.0
düşünül=3/3	0.03	3	0.0329584	0.0
fazla=3/3	0.03	3	0.0329584	0.0
gençlik=3/3	0.03	3	0.0329584	0.0
gerçekleş=3/3	0.03	3	0.0329584	0.0
gerçekleşen=3/3	0.03	3	0.0329584	0.0
günlük=3/3	0.03	3	0.0329584	0.0
ismail=3/3	0.03	3	0.0329584	0.0
izleyen=3/3	0.03	3	0.0329584	0.0
kasırga=3/3	0.03	3	0.0329584	0.0
klasik=3/13	0.03	3	0.0329584	0.0
kolayca=3/3	0.03	3	0.0329584	0.0
kore=3/4	0.03	3	0.0329584	0.0
kullanıldık=3/3	0.03	3	0.0329584	0.0
mark=3/6	0.03	3	0.0329584	0.0
milletvekil=3/3	0.03	3	0.0329584	0.0
nitelik=3/3	0.03	3	0.0329584	0.0
nüfus=3/3	0.03	3	0.0329584	0.0
ortadoğu=3/5	0.03	3	0.0329584	0.0
osman=3/3	0.03	3	0.0329584	0.0
otel=3/8	0.03	3	0.0329584	0.0
oynadık=3/4	0.03	3	0.0329584	0.0
profesyonel=3/3	0.03	3	0.0329584	0.0
seyahat=3/4	0.03	3	0.0329584	0.0
sivil=3/3	0.03	3	0.0329584	0.0
sohbet=3/8	0.03	3	0.0329584	0.0
stratejik=3/4	0.03	3	0.0329584	0.0
sunu=3/3	0.03	3	0.0329584	0.0
söylüyor=3/6	0.03	3	0.0329584	0.0
tar=3/4	0.03	3	0.0329584	0.0
terör=3/4	0.03	3	0.0329584	0.0
tutulma=3/27	0.03	3	0.0329584	0.0
verici=3/3	0.03	3	0.0329584	0.0
yalnız=3/3	0.03	3	0.0329584	0.0
yatak=3/3	0.03	3	0.0329584	0.0
çekerek=3/3	0.03	3	0.0329584	0.0
özgür=3/3	0.03	3	0.0329584	0.0
özlem=3/3	0.03	3	0.0329584	0.0
artan=4/4	0.04	2	0.0277259	0.0
açılma=4/5	0.04	2	0.0277259	0.0
büyüme=4/4	0.04	2	0.0277259	0.0
düzenleme=4/5	0.04	2	0.0277259	0.0
enerji=4/9	0.04	2	0.0277259	0.0
gerçekleştirdik=4/4	0.04	2	0.0277259	0.0
kimlik=4/6	0.04	2	0.0277259	0.0
liste=4/4	0.04	2	0.0277259	0.0
mahkeme=4/8	0.04	2	0.0277259	0.0
paket=4/11	0.04	2	0.0277259	0.0
piyasa=4/7	0.04	2	0.0277259	0.0
savaş=4/13	0.04	2	0.0277259	0.0
taşı=4/4	0.04	2	0.0277259	0.0
vakıf=4/5	0.04	2	0.0277259	0.0
yabancı=4/4	0.04	2	0.0277259	0.0
yı=4/5	0.04	2	0.0277259	0.0
çap=4/5	0.04	2	0.0277259	0.0
çin=4/7	0.04	2	0.0277259	0.0
çizgi=4/5	0.04	2	0.0277259	0.0
üretim=4/4	0.04	2	0.0277259	0.0
şikayet=4/7	0.04	2	0.0277259	0.0
analiz=3/5	0.03	2	0.0207944	0.0
aylık=3/3	0.03	2	0.0207944	0.0
cinsel=3/5	0.03	2	0.0207944	0.0
daire=3/3	0.03	2	0.0207944	0.0
daki=3/5	0.03	2	0.0207944	0.0
eylem=3/3	0.03	2	0.0207944	0.0
faruk=3/3	0.03	2	0.0207944	0.0
geçirdik=3/4	0.03	2	0.0207944	0.0
güve=3/5	0.03	2	0.0207944	0.0
hata=3/5	0.03	2	0.0207944	0.0
kurum=3/7	0.03	2	0.0207944	0.0
mart=3/3	0.03	2	0.0207944	0.0
mutlaka=3/3	0.03	2	0.0207944	0.0
olmama=3/4	0.03	2	0.0207944	0.0
oluşturduk=3/3	0.03	2	0.0207944	0.0
ten=3/3	0.03	2	0.0207944	0.0
tip=3/4	0.03	2	0.0207944	0.0
varlık=3/3	0.03	2	0.0207944	0.0
yüksel=3/3	0.03	2	0.0207944	0.0
çağ=3/3	0.03	2	0.0207944	0.0
üs=3/3	0.03	2	0.0207944	0.0
şansı=3/5	0.03	2	0.0207944	0.0
aa=4/4	0.04	1	0	0.0
abd=19/33	0.19	1	0	0.0
ad=20/34	0.2	1	0	0.0
ada=6/9	0.06	1	0	0.0
adam=9/14	0.09	1	0	0.0
adlı=5/8	0.05	1	0	0.0
aile=5/5	0.05	1	0	0.0
ait=8/10	0.08	1	0	0.0
ak=8/10	0.08	1	0	0.0
aktar=7/9	0.07	1	0	0.0
al=27/41	0.27	1	0	0.0
alacak=3/4	0.03	1	0	0.0
alan=35/51	0.35	1	0	0.0
aldık=9/10	0.09	1	0	0.0
alma=13/20	0.13	1	0	0.0
almak=5/6	0.05	1	0	0.0
alt=15/18	0.15	1	0	0.0
alınan=4/5	0.04	1	0	0.0
alındık=3/3	0.03	1	0	0.0
alınma=4/5	0.04	1	0	0.0
alıp=3/3	0.03	1	0	0.0
amacı=8/9	0.08	1	0	0.0
amerika=5/6	0.05	1	0	0.0
an=26/34	0.26	1	0	0.0
anadolu=4/6	0.04	1	0	0.0
ankara=7/7	0.07	1	0	0.0
anlam=11/14	0.11	1	0	0.0
anlat=6/6	0.06	1	0	0.0
anlaşma=3/8	0.03	1	0	0.0
ar=4/7	0.04	1	0	0.0
ara=35/64	0.35	1	0	0.0
araç=7/8	0.07	1	0	0.0
araştırma=16/43	0.16	1	0	0.0
arkadaş=4/5	0.04	1	0	0.0
art=19/23	0.19	1	0	0.0
avrupa=9/20	0.09	1	0	0.0
ay=29/51	0.29	1	0	0.0
ayn=28/35	0.28	1	0	0.0
aç=6/7	0.06	1	0	0.0
açı=5/9	0.05	1	0	0.0
açık=11/17	0.11	1	0	0.0
açıkla=10/11	0.1	1	0	0.0
açıklama=26/31	0.26	1	0	0.0
ağustos=4/4	0.04	1	0	0.0
bak=6/6	0.06	1	0	0.0
bakan=5/11	0.05	1	0	0.0
bas=4/4	0.04	1	0	0.0
baskı=3/3	0.03	1	0	0.0
bağlı=4/4	0.04	1	0	0.0
baş=15/19	0.15	1	0	0.0
başarı=8/10	0.08	1	0	0.0
başarılı=4/5	0.04	1	0	0.0
başka=28/45	0.28	1	0	0.0
başkanlık=4/4	0.04	1	0	0.0
başla=17/22	0.17	1	0	0.0
başladık=5/5	0.05	1	0	0.0
bekle=6/6	0.06	1	0	0.0
bekledik=10/10	0.1	1	0	0.0
beklen=6/6	0.06	1	0	0.0
belirlen=4/4	0.04	1	0	0.0
belirt=16/21	0.16	1	0	0.0
belirten=9/10	0.09	1	0	0.0
belirterek=12/12	0.12	1	0	0.0
belirtil=6/8	0.06	1	0	0.0
belli=3/3	0.03	1	0	0.0
beraber=5/5	0.05	1	0	0.0
beyaz=6/6	0.06	1	0	0.0
bildir=3/3	0.03	1	0	0.0
bilgi=30/102	0.3	1	0	0.0
bili=16/43	0.16	1	0	0.0
birbiri=5/7	0.05	1	0	0.0
birinci=3/3	0.03	1	0	0.0
birlik=21/30	0.21	1	0	0.0
bit=4/5	0.04	1	0	0.0
boy=5/6	0.05	1	0	0.0
bugün=16/27	0.16	1	0	0.0
bul=12/15	0.12	1	0	0.0
bulduk=4/4	0.04	1	0	0.0
bulun=15/19	0.15	1	0	0.0
bulunan=11/15	0.11	1	0	0.0
bulunduk=15/17	0.15	1	0	0.0
bulunma=10/10	0.1	1	0	0.0
bölge=12/23	0.12	1	0	0.0
bölüm=6/10	0.06	1	0	0.0
bülent=3/3	0.03	1	0	0.0
büyük=32/46	0.32	1	0	0.0
bırakma=3/3	0.03	1	0	0.0
cep=7/12	0.07	1	0	0.0
ciddi=5/5	0.05	1	0	0.0
dahil=8/8	0.08	1	0	0.0
dair=5/7	0.05	1	0	0.0
dakika=7/20	0.07	1	0	0.0
dan=9/14	0.09	1	0	0.0
dava=4/11	0.04	1	0	0.0
dek=5/11	0.05	1	0	0.0
den=7/8	0.07	1	0	0.0
deniz=6/6	0.06	1	0	0.0
derece=6/6	0.06	1	0	0.0
dergi=3/3	0.03	1	0	0.0
destek=13/18	0.13	1	0	0.0
dev=18/19	0.18	1	0	0.0
deva=17/26	0.17	1	0	0.0
devir=11/25	0.11	1	0	0.0
devlet=7/18	0.07	1	0	0.0
değer=4/4	0.04	1	0	0.0
değiş=7/11	0.07	1	0	0.0
değişiklik=6/6	0.06	1	0	0.0
dikkat=23/37	0.23	1	0	0.0
dil=17/22	0.17	1	0	0.0
diyerek=6/7	0.06	1	0	0.0
do=10/12	0.1	1	0	0.0
doktor=3/3	0.03	1	0	0.0
doğal=5/6	0.05	1	0	0.0
doğru=8/10	0.08	1	0	0.0
doğu=6/16	0.06	1	0	0.0
duru=12/16	0.12	1	0	0.0
durum=6/10	0.06	1	0	0.0
dön=3/5	0.03	1	0	0.0
dönem=17/21	0.17	1	0	0.0
dönüş=12/25	0.12	1	0	0.0
dünya=46/119	0.46	1	0	0.0
düzenlenen=5/8	0.05	1	0	0.0
düzey=5/5	0.05	1	0	0.0
düş=3/3	0.03	1	0	0.0
düştük=3/3	0.03	1	0	0.0
düşün=6/7	0.06	1	0	0.0
dış=16/22	0.16	1	0	0.0
edil=10/11	0.1	1	0	0.0
edildik=3/5	0.03	1	0	0.0
edilen=9/10	0.09	1	0	0.0
ek=5/6	0.05	1	0	0.0
ekip=10/17	0.1	1	0	0.0
ekle=5/5	0.05	1	0	0.0
ekonomi=6/12	0.06	1	0	0.0
el=18/22	0.18	1	0	0.0
erkek=4/7	0.04	1	0	0.0
eski=6/7	0.06	1	0	0.0
et=12/17	0.12	1	0	0.0
etki=5/5	0.05	1	0	0.0
etkinlik=8/17	0.08	1	0	0.0
etme=15/21	0.15	1	0	0.0
etmek=3/4	0.03	1	0	0.0
ettik=6/8	0.06	1	0	0.0
ev=11/22	0.11	1	0	0.0
eylül=4/4	0.04	1	0	0.0
eğitim=7/36	0.07	1	0	0.0
eş=4/9	0.04	1	0	0.0
faaliyet=6/6	0.06	1	0	0.0
fark=5/5	0.05	1	0	0.0
farklı=22/40	0.22	1	0	0.0
fatih=3/3	0.03	1	0	0.0
faz=20/36	0.2	1	0	0.0
fikir=8/8	0.08	1	0	0.0
film=9/15	0.09	1	0	0.0
firma=4/6	0.04	1	0	0.0
fiyat=3/5	0.03	1	0	0.0
fotoğraf=6/15	0.06	1	0	0.0
gazete=7/10	0.07	1	0	0.0
gazeteci=3/9	0.03	1	0	0.0
gel=24/45	0.24	1	0	0.0
geldik=5/5	0.05	1	0	0.0
gelecek=13/17	0.13	1	0	0.0
gelen=19/26	0.19	1	0	0.0
geliş=9/10	0.09	1	0	0.0
gelişme=10/10	0.1	1	0	0.0
gelme=7/7	0.07	1	0	0.0
genel=20/32	0.2	1	0	0.0
geniş=8/10	0.08	1	0	0.0
genç=9/55	0.09	1	0	0.0
gerek=12/17	0.12	1	0	0.0
gereken=3/3	0.03	1	0	0.0
gerektik=8/11	0.08	1	0	0.0
geri=18/26	0.18	1	0	0.0
gerçek=15/15	0.15	1	0	0.0
getir=15/17	0.15	1	0	0.0
getiren=6/9	0.06	1	0	0.0
geç=8/8	0.08	1	0	0.0
geçen=10/10	0.1	1	0	0.0
geçmiş=4/4	0.04	1	0	0.0
geçtik=6/7	0.06	1	0	0.0
gir=9/10	0.09	1	0	0.0
giriş=7/9	0.07	1	0	0.0
girme=5/5	0.05	1	0	0.0
gitme=4/5	0.04	1	0	0.0
gittik=3/3	0.03	1	0	0.0
grup=6/9	0.06	1	0	0.0
gör=6/6	0.06	1	0	0.0
gördük=3/3	0.03	1	0	0.0
görev=8/18	0.08	1	0	0.0
görülen=6/7	0.06	1	0	0.0
görüntü=4/23	0.04	1	0	0.0
görüşme=3/3	0.03	1	0	0.0
göster=7/8	0.07	1	0	0.0
göz=4/5	0.04	1	0	0.0
gün=41/67	0.41	1	0	0.0
güney=5/6	0.05	1	0	0.0
güneş=5/21	0.05	1	0	0.0
güvenlik=13/40	0.13	1	0	0.0
güzel=5/6	0.05	1	0	0.0
güç=4/6	0.04	1	0	0.0
güçlü=10/11	0.1	1	0	0.0
haber=19/27	0.19	1	0	0.0
haf=4/7	0.04	1	0	0.0
hafta=4/4	0.04	1	0	0.0
hak=18/30	0.18	1	0	0.0
hal=27/46	0.27	1	0	0.0
halk=3/5	0.03	1	0	0.0
hareket=11/12	0.11	1	0	0.0
hav=3/3	0.03	1	0	0.0
hava=3/3	0.03	1	0	0.0
hayal=3/4	0.03	1	0	0.0
hayat=12/20	0.12	1	0	0.0
hazır=7/8	0.07	1	0	0.0
hazırladık=4/6	0.04	1	0	0.0
hazırlan=3/3	0.03	1	0	0.0
hedef=3/6	0.03	1	0	0.0
hemen=13/17	0.13	1	0	0.0
hizmet=17/39	0.17	1	0	0.0
hız=12/16	0.12	1	0	0.0
iddia=8/9	0.08	1	0	0.0
ifade=17/21	0.17	1	0	0.0
ihtiyaç=8/8	0.08	1	0	0.0
ikinci=7/7	0.07	1	0	0.0
il=3/4	0.03	1	0	0.0
ileri=5/6	0.05	1	0	0.0
iletiş=12/14	0.12	1	0	0.0
ilgi=10/13	0.1	1	0	0.0
ilişki=10/15	0.1	1	0	0.0
ilk=30/55	0.3	1	0	0.0
imkan=8/16	0.08	1	0	0.0
in=23/36	0.23	1	0	0.0
ingiltere=3/3	0.03	1	0	0.0
insan=21/39	0.21	1	0	0.0
internet=33/140	0.33	1	0	0.0
isim=6/13	0.06	1	0	0.0
isimli=5/5	0.05	1	0	0.0
istanbul=9/26	0.09	1	0	0.0
iste=13/19	0.13	1	0	0.0
istedik=6/6	0.06	1	0	0.0
isteyen=5/5	0.05	1	0	0.0
iy=6/7	0.06	1	0	0.0
iyi=15/24	0.15	1	0	0.0
iz=3/3	0.03	1	0	0.0
iç=9/12	0.09	1	0	0.0
içeri=10/12	0.1	1	0	0.0
iş=17/27	0.17	1	0	0.0
işaret=6/6	0.06	1	0	0.0
işbirlik=4/10	0.04	1	0	0.0
işlem=11/15	0.11	1	0	0.0
kabul=8/11	0.08	1	0	0.0
kadı=4/5	0.04	1	0	0.0
kadın=5/7	0.05	1	0	0.0
kalan=4/4	0.04	1	0	0.0
kaldık=3/3	0.03	1	0	0.0
kalma=4/4	0.04	1	0	0.0
kampanya=5/7	0.05	1	0	0.0
kar=8/13	0.08	1	0	0.0
karar=9/11	0.09	1	0	0.0
karşı=14/31	0.14	1	0	0.0
karşılık=3/3	0.03	1	0	0.0
kas=10/14	0.1	1	0	0.0
kat=5/6	0.05	1	0	0.0
katkı=3/7	0.03	1	0	0.0
katıl=3/15	0.03	1	0	0.0
katılan=3/3	0.03	1	0	0.0
kaydeden=4/4	0.04	1	0	0.0
kaydet=13/17	0.13	1	0	0.0
kaynak=8/8	0.08	1	0	0.0
kazan=4/4	0.04	1	0	0.0
kazanan=4/4	0.04	1	0	0.0
kes=4/4	0.04	1	0	0.0
kişi=21/46	0.21	1	0	0.0
kolay=4/5	0.04	1	0	0.0
kontrol=3/3	0.03	1	0	0.0
konu=44/77	0.44	1	0	0.0
konuş=16/29	0.16	1	0	0.0
konuşan=5/5	0.05	1	0	0.0
konuşma=8/12	0.08	1	0	0.0
koy=4/4	0.04	1	0	0.0
kullan=16/24	0.16	1	0	0.0
kullanan=6/8	0.06	1	0	0.0
kullandık=8/8	0.08	1	0	0.0
kullanmak=7/7	0.07	1	0	0.0
kur=9/11	0.09	1	0	0.0
kurban=4/9	0.04	1	0	0.0
kurulu=4/4	0.04	1	0	0.0
kuruluş=3/7	0.03	1	0	0.0
kuzey=3/10	0.03	1	0	0.0
kültür=6/7	0.06	1	0	0.0
küçük=5/8	0.05	1	0	0.0
kıs=11/11	0.11	1	0	0.0
kısım=6/7	0.06	1	0	0.0
lira=4/4	0.04	1	0	0.0
madde=4/13	0.04	1	0	0.0
masa=5/11	0.05	1	0	0.0
mayıs=4/4	0.04	1	0	0.0
medya=8/8	0.08	1	0	0.0
merak=9/9	0.09	1	0	0.0
merkez=8/11	0.08	1	0	0.0
mesaj=8/14	0.08	1	0	0.0
meydan=3/5	0.03	1	0	0.0
milyon=24/51	0.24	1	0	0.0
model=10/13	0.1	1	0	0.0
mücadele=5/8	0.05	1	0	0.0
müdür=18/26	0.18	1	0	0.0
müdürlük=4/7	0.04	1	0	0.0
mümkün=9/14	0.09	1	0	0.0
nda=7/12	0.07	1	0	0.0
nde=7/8	0.07	1	0	0.0
nere=7/7	0.07	1	0	0.0
new=4/5	0.04	1	0	0.0
nin=21/38	0.21	1	0	0.0
nokta=9/17	0.09	1	0	0.0
nun=6/6	0.06	1	0	0.0
nın=6/7	0.06	1	0	0.0
oda=3/3	0.03	1	0	0.0
okul=6/12	0.06	1	0	0.0
ol=19/26	0.19	1	0	0.0
olabil=7/8	0.07	1	0	0.0
olacak=7/10	0.07	1	0	0.0
olay=5/5	0.05	1	0	0.0
olduk=14/17	0.14	1	0	0.0
oldukça=5/8	0.05	1	0	0.0
olma=24/32	0.24	1	0	0.0
olmadık=6/6	0.06	1	0	0.0
oluş=3/4	0.03	1	0	0.0
oluşan=4/4	0.04	1	0	0.0
oluştur=11/11	0.11	1	0	0.0
ora=12/18	0.12	1	0	0.0
oran=4/5	0.04	1	0	0.0
orta=34/38	0.34	1	0	0.0
ortak=9/12	0.09	1	0	0.0
oy=8/22	0.08	1	0	0.0
para=6/20	0.06	1	0	0.0
pazar=6/12	0.06	1	0	0.0
performans=4/4	0.04	1	0	0.0
plan=5/6	0.05	1	0	0.0
polis=3/21	0.03	1	0	0.0
program=9/19	0.09	1	0	0.0
proje=6/21	0.06	1	0	0.0
rakam=13/16	0.13	1	0	0.0
rapor=8/17	0.08	1	0	0.0
rekor=3/3	0.03	1	0	0.0
resim=6/7	0.06	1	0	0.0
rol=4/4	0.04	1	0	0.0
saat=6/14	0.06	1	0	0.0
sabah=4/5	0.04	1	0	0.0
sahip=34/60	0.34	1	0	0.0
sahne=3/3	0.03	1	0	0.0
satış=12/35	0.12	1	0	0.0
saye=11/17	0.11	1	0	0.0
sayı=21/29	0.21	1	0	0.0
sağla=6/11	0.06	1	0	0.0
sağlayan=5/6	0.05	1	0	0.0
sağlık=4/5	0.04	1	0	0.0
sebep=8/10	0.08	1	0	0.0
sektör=10/13	0.1	1	0	0.0
ses=11/20	0.11	1	0	0.0
seviye=3/5	0.03	1	0	0.0
silah=3/3	0.03	1	0	0.0
sistem=25/50	0.25	1	0	0.0
site=18/47	0.18	1	0	0.0
sonuç=14/17	0.14	1	0	0.0
sor=6/9	0.06	1	0	0.0
soru=17/28	0.17	1	0	0.0
sorumluluk=3/7	0.03	1	0	0.0
sorun=3/5	0.03	1	0	0.0
sosyal=14/27	0.14	1	0	0.0
spor=5/6	0.05	1	0	0.0
su=8/12	0.08	1	0	0.0
sunduk=6/10	0.06	1	0	0.0
suç=7/15	0.07	1	0	0.0
söyle=15/17	0.15	1	0	0.0
söz=16/19	0.16	1	0	0.0
sözcü=3/7	0.03	1	0	0.0
sür=18/19	0.18	1	0	0.0
sürdür=11/14	0.11	1	0	0.0
süre=8/10	0.08	1	0	0.0
süreci=4/4	0.04	1	0	0.0
sürekli=4/4	0.04	1	0	0.0
süren=4/5	0.04	1	0	0.0
sürpriz=3/3	0.03	1	0	0.0
sınır=5/8	0.05	1	0	0.0
sır=12/18	0.12	1	0	0.0
sıra=6/16	0.06	1	0	0.0
tahmin=3/3	0.03	1	0	0.0
tak=3/3	0.03	1	0	0.0
takip=10/14	0.1	1	0	0.0
talep=6/14	0.06	1	0	0.0
tam=9/16	0.09	1	0	0.0
tamamen=8/8	0.08	1	0	0.0
tanı=3/3	0.03	1	0	0.0
taraf=3/7	0.03	1	0	0.0
tarih=14/23	0.14	1	0	0.0
taş=6/6	0.06	1	0	0.0
te=5/5	0.05	1	0	0.0
tehdit=3/7	0.03	1	0	0.0
tehlike=4/9	0.04	1	0	0.0
tek=15/21	0.15	1	0	0.0
teknik=8/22	0.08	1	0	0.0
telefon=26/67	0.26	1	0	0.0
televizyon=3/4	0.03	1	0	0.0
tercih=8/12	0.08	1	0	0.0
tespit=7/11	0.07	1	0	0.0
teşekkür=4/5	0.04	1	0	0.0
tl=6/8	0.06	1	0	0.0
top=4/8	0.04	1	0	0.0
topla=6/6	0.06	1	0	0.0
toplantı=7/11	0.07	1	0	0.0
toplu=6/9	0.06	1	0	0.0
trafik=4/4	0.04	1	0	0.0
tür=6/14	0.06	1	0	0.0
türk=8/18	0.08	1	0	0.0
türkiye=32/195	0.32	1	0	0.0
ulaş=3/5	0.03	1	0	0.0
ulaşma=6/7	0.06	1	0	0.0
uluslararası=10/13	0.1	1	0	0.0
uyarı=4/6	0.04	1	0	0.0
uygulama=21/54	0.21	1	0	0.0
uygun=7/7	0.07	1	0	0.0
uz=8/10	0.08	1	0	0.0
uzman=5/6	0.05	1	0	0.0
vatandaş=3/12	0.03	1	0	0.0
ver=17/21	0.17	1	0	0.0
verdik=9/10	0.09	1	0	0.0
veren=8/11	0.08	1	0	0.0
veril=8/10	0.08	1	0	0.0
verilen=6/8	0.06	1	0	0.0
verilme=3/3	0.03	1	0	0.0
verme=3/4	0.03	1	0	0.0
vurgulayan=5/5	0.05	1	0	0.0
yak=10/16	0.1	1	0	0.0
yakala=4/4	0.04	1	0	0.0
yaklaşık=7/8	0.07	1	0	0.0
yan=16/22	0.16	1	0	0.0
yap=9/12	0.09	1	0	0.0
yapan=16/20	0.16	1	0	0.0
yaparak=3/3	0.03	1	0	0.0
yapma=15/19	0.15	1	0	0.0
yapı=9/10	0.09	1	0	0.0
yapıl=6/6	0.06	1	0	0.0
yapılma=4/4	0.04	1	0	0.0
yar=9/11	0.09	1	0	0.0
yardımcı=8/10	0.08	1	0	0.0
yarı=4/5	0.04	1	0	0.0
yay=3/3	0.03	1	0	0.0
yaz=7/15	0.07	1	0	0.0
yazılı=13/36	0.13	1	0	0.0
yaş=7/13	0.07	1	0	0.0
yaşa=12/13	0.12	1	0	0.0
yaşadık=6/7	0.06	1	0	0.0
yaşayan=4/4	0.04	1	0	0.0
ye=33/60	0.33	1	0	0.0
yen=49/87	0.49	1	0	0.0
yeni=7/8	0.07	1	0	0.0
yer=12/18	0.12	1	0	0.0
yeterli=3/4	0.03	1	0	0.0
yetkili=3/6	0.03	1	0	0.0
yi=5/5	0.05	1	0	0.0
yok=9/13	0.09	1	0	0.0
yol=13/20	0.13	1	0	0.0
yoğ=6/6	0.06	1	0	0.0
yön=6/10	0.06	1	0	0.0
yönelik=5/7	0.05	1	0	0.0
yönetici=5/6	0.05	1	0	0.0
yönetim=5/8	0.05	1	0	0.0
yöntem=10/20	0.1	1	0	0.0
yük=11/12	0.11	1	0	0.0
yıl=47/114	0.47	1	0	0.0
yıldız=7/12	0.07	1	0	0.0
yıllık=4/5	0.04	1	0	0.0
zaman=32/52	0.32	1	0	0.0
zarar=5/8	0.05	1	0	0.0
ziyaret=5/7	0.05	1	0	0.0
zor=8/8	0.08	1	0	0.0
çalış=8/10	0.08	1	0	0.0
çalışan=9/9	0.09	1	0	0.0
çalışma=13/22	0.13	1	0	0.0
çek=13/18	0.13	1	0	0.0
çeken=11/11	0.11	1	0	0.0
çevre=4/4	0.04	1	0	0.0
çeşitli=8/10	0.08	1	0	0.0
çift=3/8	0.03	1	0	0.0
çocuk=13/19	0.13	1	0	0.0
çöz=4/7	0.04	1	0	0.0
çık=22/28	0.22	1	0	0.0
çıkan=8/9	0.08	1	0	0.0
çıkma=5/7	0.05	1	0	0.0
çıktık=4/6	0.04	1	0	0.0
çıkış=6/9	0.06	1	0	0.0
ödül=4/7	0.04	1	0	0.0
önem=6/8	0.06	1	0	0.0
önemli=30/44	0.3	1	0	0.0
örnek=13/14	0.13	1	0	0.0
özel=12/33	0.12	1	0	0.0
özellik=28/41	0.28	1	0	0.0
öğrenci=3/14	0.03	1	0	0.0
ülke=23/59	0.23	1	0	0.0
ün=9/16	0.09	1	0	0.0
üniversite=8/26	0.08	1	0	0.0
ünlü=9/10	0.09	1	0	0.0
üst=11/12	0.11	1	0	0.0
üye=4/5	0.04	1	0	0.0
üzeri=31/52	0.31	1	0	0.0
ın=19/38	0.19	1	0	0.0
şekil=18/26	0.18	1	0	0.0
şekli=9/10	0.09	1	0	0.0
şirket=26/53	0.26	1	0	0.0
