ilçe=40/59	0.4	3	0.4394449	0.0
gözaltı=18/29	0.18	9	0.3955004	0.0
sevk=18/18	0.18	9	0.3955004	0.0
yaralan=14/20	0.14	9	0.3076114	0.0
kaldırıl=13/14	0.13	9	0.2856392	0.0
mahallesi=13/13	0.13	9	0.2856392	0.0
sürücü=13/26	0.13	9	0.2856392	0.0
plakalı=12/16	0.12	9	0.2636669	0.0
yaralanan=12/16	0.12	9	0.2636669	0.0
geçiril=18/29	0.18	4	0.249533	0.0
ihbar=10/12	0.1	9	0.2197225	0.0
kaçak=10/29	0.1	9	0.2197225	0.0
yaralı=10/16	0.1	9	0.2197225	0.0
zanlı=10/17	0.1	9	0.2197225	0.0
emniyet=19/25	0.19	3	0.2087363	0.0
gram=9/20	0.09	9	0.1977502	0.0
kaza=9/23	0.09	9	0.1977502	0.0
mevki=9/10	0.09	9	0.1977502	0.0
hastanesi=14/18	0.14	4	0.1940812	0.0
jandarma=14/17	0.14	4	0.1940812	0.0
kilometre=13/13	0.13	4	0.1802183	0.0
kazası=8/10	0.08	9	0.175778	0.0
otobüs=8/25	0.08	9	0.175778	0.0
uyuşturucu=8/21	0.08	9	0.175778	0.0
şüpheli=8/14	0.08	9	0.175778	0.0
ambulans=7/10	0.07	9	0.1538057	0.0
belde=7/8	0.07	9	0.1538057	0.0
ceset=7/7	0.07	9	0.1538057	0.0
erzincan=7/13	0.07	9	0.1538057	0.0
karayolu=7/7	0.07	9	0.1538057	0.0
kurtarıl=7/8	0.07	9	0.1538057	0.0
taba=7/8	0.07	9	0.1538057	0.0
otomobil=13/32	0.13	3	0.1428196	0.0
operasyon=20/45	0.2	2	0.1386294	0.0
adliye=6/6	0.06	9	0.1318335	0.0
av=6/6	0.06	9	0.1318335	0.0
dağı=6/6	0.06	9	0.1318335	0.0
durdur=6/7	0.06	9	0.1318335	0.0
hatay=6/14	0.06	9	0.1318335	0.0
kahramanmaraş=6/8	0.06	9	0.1318335	0.0
kaçakçılık=6/11	0.06	9	0.1318335	0.0
kaçtık=6/6	0.06	9	0.1318335	0.0
kurumu=6/6	0.06	9	0.1318335	0.0
morg=6/6	0.06	9	0.1318335	0.0
söndürme=6/15	0.06	9	0.1318335	0.0
tutuksuz=6/6	0.06	9	0.1318335	0.0
tüfek=6/6	0.06	9	0.1318335	0.0
yangı=9/55	0.09	4	0.1247665	0.0
yas=9/14	0.09	4	0.1247665	0.0
arama=11/13	0.11	3	0.1208474	0.0
helikopter=8/15	0.08	4	0.1109035	0.0
şube=8/9	0.08	4	0.1109035	0.0
amirlik=5/5	0.05	9	0.1098612	0.0
belirlenemeyen=5/6	0.05	9	0.1098612	0.0
bıçak=5/9	0.05	9	0.1098612	0.0
dağ=5/7	0.05	9	0.1098612	0.0
edinilen=5/5	0.05	9	0.1098612	0.0
kamyon=5/12	0.05	9	0.1098612	0.0
karıştık=5/5	0.05	9	0.1098612	0.0
komutanlığı=5/5	0.05	9	0.1098612	0.0
osmaniye=5/6	0.05	9	0.1098612	0.0
sürülen=5/6	0.05	9	0.1098612	0.0
tutuklan=5/8	0.05	9	0.1098612	0.0
uzaklık=5/5	0.05	9	0.1098612	0.0
zamanlı=5/7	0.05	9	0.1098612	0.0
çanakkale=5/10	0.05	9	0.1098612	0.0
çarp=5/6	0.05	9	0.1098612	0.0
görevli=9/10	0.09	3	0.0988751	0.0
idare=9/9	0.09	3	0.0988751	0.0
mahalle=9/10	0.09	3	0.0988751	0.0
tıp=9/13	0.09	3	0.0988751	0.0
bahçe=7/13	0.07	4	0.0970406	0.0
esrar=7/14	0.07	4	0.0970406	0.0
kavga=7/21	0.07	4	0.0970406	0.0
yakalan=7/10	0.07	4	0.0970406	0.0
öğrenil=14/14	0.14	2	0.0970406	0.0
köy=13/18	0.13	2	0.0901091	0.0
müdahale=13/19	0.13	2	0.0901091	0.0
adli=4/9	0.04	9	0.087889	0.0
adliyesi=4/4	0.04	9	0.087889	0.0
değerlendirilen=4/4	0.04	9	0.087889	0.0
erzurum=4/4	0.04	9	0.087889	0.0
götürül=4/4	0.04	9	0.087889	0.0
hayati=4/4	0.04	9	0.087889	0.0
ilçesi=4/5	0.04	9	0.087889	0.0
istasyon=4/12	0.04	9	0.087889	0.0
itfaiye=4/8	0.04	9	0.087889	0.0
kaldırılan=4/4	0.04	9	0.087889	0.0
katılım=4/5	0.04	9	0.087889	0.0
kayma=4/5	0.04	9	0.087889	0.0
kaçan=4/5	0.04	9	0.087889	0.0
kesim=8/14	0.08	3	0.087889	0.0
kurtarılama=4/4	0.04	9	0.087889	0.0
kurtarılan=4/4	0.04	9	0.087889	0.0
kırılan=4/5	0.04	9	0.087889	0.0
mahkemece=4/4	0.04	9	0.087889	0.0
mahsur=4/7	0.04	9	0.087889	0.0
otopsi=4/4	0.04	9	0.087889	0.0
ruhsatsız=4/4	0.04	9	0.087889	0.0
rüzgar=4/4	0.04	9	0.087889	0.0
satıcı=4/5	0.04	9	0.087889	0.0
suçlama=4/10	0.04	9	0.087889	0.0
sürdürül=4/4	0.04	9	0.087889	0.0
uygula=4/6	0.04	9	0.087889	0.0
uyruklu=4/5	0.04	9	0.087889	0.0
verip=4/5	0.04	9	0.087889	0.0
yangın=4/6	0.04	9	0.087889	0.0
yoğunluk=4/9	0.04	9	0.087889	0.0
yükseklik=4/4	0.04	9	0.087889	0.0
çarpış=4/4	0.04	9	0.087889	0.0
çarpışma=4/5	0.04	9	0.087889	0.0
çıkarıldık=4/4	0.04	9	0.087889	0.0
öl=8/10	0.08	3	0.087889	0.0
öğrenilen=4/4	0.04	9	0.087889	0.0
şoför=4/5	0.04	9	0.087889	0.0
belirlenen=6/7	0.06	4	0.0831777	0.0
demir=6/12	0.06	4	0.0831777	0.0
hasar=6/9	0.06	4	0.0831777	0.0
hayvan=6/24	0.06	4	0.0831777	0.0
kaz=6/9	0.06	4	0.0831777	0.0
komutanlık=6/6	0.06	4	0.0831777	0.0
kurtar=6/6	0.06	4	0.0831777	0.0
soruşturma=12/12	0.12	2	0.0831777	0.0
belediye=7/12	0.07	3	0.0769029	0.0
işçi=7/13	0.07	3	0.0769029	0.0
müdürlüğü=7/8	0.07	3	0.0769029	0.0
teslim=7/8	0.07	3	0.0769029	0.0
van=7/10	0.07	3	0.0769029	0.0
yakın=7/9	0.07	3	0.0769029	0.0
aracı=11/20	0.11	2	0.0762462	0.0
inceleme=11/13	0.11	2	0.0762462	0.0
bayram=10/35	0.1	2	0.0693147	0.0
başkanlığı=5/5	0.05	4	0.0693147	0.0
ferhat=5/7	0.05	4	0.0693147	0.0
getirilen=5/10	0.05	4	0.0693147	0.0
islam=5/11	0.05	4	0.0693147	0.0
maddi=5/7	0.05	4	0.0693147	0.0
malatya=5/9	0.05	4	0.0693147	0.0
sağlanma=5/5	0.05	4	0.0693147	0.0
tarama=5/6	0.05	4	0.0693147	0.0
yolcu=5/8	0.05	4	0.0693147	0.0
acemoğlu=3/3	0.03	9	0.0659167	0.0
akaryakıt=3/8	0.03	9	0.0659167	0.0
arazöz=3/4	0.03	9	0.0659167	0.0
asayiş=3/3	0.03	9	0.0659167	0.0
başlatıl=3/3	0.03	9	0.0659167	0.0
beledi=6/20	0.06	3	0.0659167	0.0
belediyesi=3/4	0.03	9	0.0659167	0.0
belirleyen=3/3	0.03	9	0.0659167	0.0
borcu=3/6	0.03	9	0.0659167	0.0
buzlu=3/3	0.03	9	0.0659167	0.0
bürün=3/3	0.03	9	0.0659167	0.0
büyükbaş=3/3	0.03	9	0.0659167	0.0
bırakarak=3/3	0.03	9	0.0659167	0.0
bırakıl=3/3	0.03	9	0.0659167	0.0
dağcı=3/15	0.03	9	0.0659167	0.0
değerlendirildik=3/3	0.03	9	0.0659167	0.0
direk=3/6	0.03	9	0.0659167	0.0
direksiyon=3/3	0.03	9	0.0659167	0.0
direnen=3/3	0.03	9	0.0659167	0.0
dozer=3/3	0.03	9	0.0659167	0.0
duruşma=3/14	0.03	9	0.0659167	0.0
düşerek=3/3	0.03	9	0.0659167	0.0
ege=3/5	0.03	9	0.0659167	0.0
engelli=3/29	0.03	9	0.0659167	0.0
erbakan=3/3	0.03	9	0.0659167	0.0
eroin=3/8	0.03	9	0.0659167	0.0
esence=3/6	0.03	9	0.0659167	0.0
fıkra=3/4	0.03	9	0.0659167	0.0
gasp=3/5	0.03	9	0.0659167	0.0
geçir=6/6	0.06	3	0.0659167	0.0
götürdük=3/3	0.03	9	0.0659167	0.0
harekatçı=3/3	0.03	9	0.0659167	0.0
ihtar=3/5	0.03	9	0.0659167	0.0
ingilizce=3/7	0.03	9	0.0659167	0.0
iskenderun=3/7	0.03	9	0.0659167	0.0
istek=3/3	0.03	9	0.0659167	0.0
kacuru=3/3	0.03	9	0.0659167	0.0
karamuk=3/9	0.03	9	0.0659167	0.0
karlı=3/3	0.03	9	0.0659167	0.0
kartal=3/11	0.03	9	0.0659167	0.0
karışan=3/3	0.03	9	0.0659167	0.0
karşıla=3/3	0.03	9	0.0659167	0.0
kayalık=3/6	0.03	9	0.0659167	0.0
kemah=3/6	0.03	9	0.0659167	0.0
kenevir=3/7	0.03	9	0.0659167	0.0
kurarak=3/3	0.03	9	0.0659167	0.0
kuvvetli=3/5	0.03	9	0.0659167	0.0
macit=3/3	0.03	9	0.0659167	0.0
makine=3/4	0.03	9	0.0659167	0.0
marmara=3/5	0.03	9	0.0659167	0.0
meal=3/7	0.03	9	0.0659167	0.0
mengücek=3/3	0.03	9	0.0659167	0.0
mera=3/5	0.03	9	0.0659167	0.0
metre=6/6	0.06	3	0.0659167	0.0
necmettin=3/3	0.03	9	0.0659167	0.0
ormanlık=3/6	0.03	9	0.0659167	0.0
pendik=3/6	0.03	9	0.0659167	0.0
sağanak=3/9	0.03	9	0.0659167	0.0
suçıkağı=3/3	0.03	9	0.0659167	0.0
tabir=3/3	0.03	9	0.0659167	0.0
tahliye=3/3	0.03	9	0.0659167	0.0
temizlik=3/4	0.03	9	0.0659167	0.0
toplayarak=3/3	0.03	9	0.0659167	0.0
toz=3/3	0.03	9	0.0659167	0.0
tırmanış=3/9	0.03	9	0.0659167	0.0
ulaşım=3/6	0.03	9	0.0659167	0.0
uyarma=3/3	0.03	9	0.0659167	0.0
uymayan=3/3	0.03	9	0.0659167	0.0
uymayarak=3/4	0.03	9	0.0659167	0.0
yapamayınca=3/3	0.03	9	0.0659167	0.0
yargılanmak=3/3	0.03	9	0.0659167	0.0
yağan=3/3	0.03	9	0.0659167	0.0
yağma=3/3	0.03	9	0.0659167	0.0
yağış=3/8	0.03	9	0.0659167	0.0
yerleştirilme=3/3	0.03	9	0.0659167	0.0
yitir=3/3	0.03	9	0.0659167	0.0
yüklü=3/3	0.03	9	0.0659167	0.0
zabıta=3/11	0.03	9	0.0659167	0.0
zirve=6/12	0.06	3	0.0659167	0.0
zonguldak=3/9	0.03	9	0.0659167	0.0
çamlık=3/3	0.03	9	0.0659167	0.0
çay=3/3	0.03	9	0.0659167	0.0
çağrılan=3/3	0.03	9	0.0659167	0.0
üzümlü=3/3	0.03	9	0.0659167	0.0
ateş=8/10	0.08	2	0.0554518	0.0
açılan=4/7	0.04	4	0.0554518	0.0
belirtilen=4/4	0.04	4	0.0554518	0.0
büro=4/4	0.04	4	0.0554518	0.0
ciddiyet=4/4	0.04	4	0.0554518	0.0
denetim=4/6	0.04	4	0.0554518	0.0
diş=4/4	0.04	4	0.0554518	0.0
edirne=4/9	0.04	4	0.0554518	0.0
eşya=4/7	0.04	4	0.0554518	0.0
gazi=4/4	0.04	4	0.0554518	0.0
gönderil=4/4	0.04	4	0.0554518	0.0
gümrük=4/10	0.04	4	0.0554518	0.0
izin=4/8	0.04	4	0.0554518	0.0
işletme=4/12	0.04	4	0.0554518	0.0
kilo=8/18	0.08	2	0.0554518	0.0
mahkemesi=4/6	0.04	4	0.0554518	0.0
organize=4/5	0.04	4	0.0554518	0.0
oturan=4/4	0.04	4	0.0554518	0.0
sigar=4/11	0.04	4	0.0554518	0.0
sivas=4/4	0.04	4	0.0554518	0.0
yaşlı=4/9	0.04	4	0.0554518	0.0
çıkarılan=4/4	0.04	4	0.0554518	0.0
alınarak=5/5	0.05	3	0.0549306	0.0
cinayet=5/5	0.05	3	0.0549306	0.0
konya=5/9	0.05	3	0.0549306	0.0
ordu=5/10	0.05	3	0.0549306	0.0
orman=5/13	0.05	3	0.0549306	0.0
saldırı=5/15	0.05	3	0.0549306	0.0
serbest=5/5	0.05	3	0.0549306	0.0
çatışma=5/12	0.05	3	0.0549306	0.0
acil=7/12	0.07	2	0.0485203	0.0
bat=7/10	0.07	2	0.0485203	0.0
vücut=7/7	0.07	2	0.0485203	0.0
adet=4/6	0.04	3	0.0439445	0.0
adres=4/5	0.04	3	0.0439445	0.0
arazi=4/4	0.04	3	0.0439445	0.0
avukat=4/4	0.04	3	0.0439445	0.0
ağrı=4/7	0.04	3	0.0439445	0.0
aş=4/5	0.04	3	0.0439445	0.0
bap=4/4	0.04	3	0.0439445	0.0
bina=4/9	0.04	3	0.0439445	0.0
cumhuriyet=4/5	0.04	3	0.0439445	0.0
kanunu=4/4	0.04	3	0.0439445	0.0
ker=4/7	0.04	3	0.0439445	0.0
oluştuk=4/4	0.04	3	0.0439445	0.0
suriye=4/5	0.04	3	0.0439445	0.0
tanık=4/6	0.04	3	0.0439445	0.0
terörist=4/16	0.04	3	0.0439445	0.0
çağrı=4/5	0.04	3	0.0439445	0.0
akdeniz=3/5	0.03	4	0.0415888	0.0
akraba=3/4	0.03	4	0.0415888	0.0
antalya=6/14	0.06	2	0.0415888	0.0
ark=3/4	0.03	4	0.0415888	0.0
arzu=3/3	0.03	4	0.0415888	0.0
bakı=3/6	0.03	4	0.0415888	0.0
bayramı=3/4	0.03	4	0.0415888	0.0
başlatılan=3/3	0.03	4	0.0415888	0.0
belirlenme=3/5	0.03	4	0.0415888	0.0
bombalı=3/6	0.03	4	0.0415888	0.0
boş=3/3	0.03	4	0.0415888	0.0
büyükşehir=3/5	0.03	4	0.0415888	0.0
cenaze=3/5	0.03	4	0.0415888	0.0
değerlendiren=6/6	0.06	2	0.0415888	0.0
dolandırıcılık=3/3	0.03	4	0.0415888	0.0
dr=6/6	0.06	2	0.0415888	0.0
dur=6/8	0.06	2	0.0415888	0.0
fabrika=3/11	0.03	4	0.0415888	0.0
filistin=3/3	0.03	4	0.0415888	0.0
giden=6/7	0.06	2	0.0415888	0.0
hekim=3/6	0.03	4	0.0415888	0.0
hüküm=3/5	0.03	4	0.0415888	0.0
ilaç=3/3	0.03	4	0.0415888	0.0
iniş=3/6	0.03	4	0.0415888	0.0
kaldır=3/3	0.03	4	0.0415888	0.0
kaldırıldık=3/3	0.03	4	0.0415888	0.0
kapak=3/3	0.03	4	0.0415888	0.0
katlı=3/4	0.03	4	0.0415888	0.0
kullanarak=3/3	0.03	4	0.0415888	0.0
kurmak=3/3	0.03	4	0.0415888	0.0
memur=3/5	0.03	4	0.0415888	0.0
mersi=3/3	0.03	4	0.0415888	0.0
sanık=3/7	0.03	4	0.0415888	0.0
savunarak=3/3	0.03	4	0.0415888	0.0
sağlayacak=3/3	0.03	4	0.0415888	0.0
selahattin=3/3	0.03	4	0.0415888	0.0
sinir=3/4	0.03	4	0.0415888	0.0
tavsiye=3/4	0.03	4	0.0415888	0.0
tedavi=6/11	0.06	2	0.0415888	0.0
ulaşama=3/3	0.03	4	0.0415888	0.0
uygulan=3/8	0.03	4	0.0415888	0.0
yargılanan=3/8	0.03	4	0.0415888	0.0
yasa=3/7	0.03	4	0.0415888	0.0
yat=3/5	0.03	4	0.0415888	0.0
yürüten=3/3	0.03	4	0.0415888	0.0
zorunluluk=3/3	0.03	4	0.0415888	0.0
öde=3/3	0.03	4	0.0415888	0.0
düzenledik=5/5	0.05	2	0.0346574	0.0
düzenlen=5/6	0.05	2	0.0346574	0.0
eylem=5/10	0.05	2	0.0346574	0.0
gerçekleştirdik=5/6	0.05	2	0.0346574	0.0
getiril=5/5	0.05	2	0.0346574	0.0
süresi=5/10	0.05	2	0.0346574	0.0
tatil=5/20	0.05	2	0.0346574	0.0
atatürk=3/3	0.03	3	0.0329584	0.0
başlan=3/4	0.03	3	0.0329584	0.0
dav=3/4	0.03	3	0.0329584	0.0
deprem=3/11	0.03	3	0.0329584	0.0
din=3/6	0.03	3	0.0329584	0.0
güçlük=3/3	0.03	3	0.0329584	0.0
ibrahim=3/7	0.03	3	0.0329584	0.0
inandık=3/3	0.03	3	0.0329584	0.0
karadeniz=3/10	0.03	3	0.0329584	0.0
sürdük=3/4	0.03	3	0.0329584	0.0
turizm=3/3	0.03	3	0.0329584	0.0
aylık=4/5	0.04	2	0.0277259	0.0
başlat=4/4	0.04	2	0.0277259	0.0
bulunmadık=4/4	0.04	2	0.0277259	0.0
diyarbakır=4/5	0.04	2	0.0277259	0.0
düzenle=4/4	0.04	2	0.0277259	0.0
düşme=4/4	0.04	2	0.0277259	0.0
fakülte=4/4	0.04	2	0.0277259	0.0
kimlik=4/4	0.04	2	0.0277259	0.0
kişilik=4/4	0.04	2	0.0277259	0.0
mahkeme=4/33	0.04	2	0.0277259	0.0
paket=4/9	0.04	2	0.0277259	0.0
personel=4/7	0.04	2	0.0277259	0.0
reddet=4/4	0.04	2	0.0277259	0.0
servis=4/6	0.04	2	0.0277259	0.0
şikayet=4/7	0.04	2	0.0277259	0.0
adalet=3/3	0.03	2	0.0207944	0.0
başkan=3/9	0.03	2	0.0207944	0.0
başlama=3/4	0.03	2	0.0207944	0.0
belirle=3/3	0.03	2	0.0207944	0.0
cihaz=3/3	0.03	2	0.0207944	0.0
daire=3/4	0.03	2	0.0207944	0.0
dosya=3/5	0.03	2	0.0207944	0.0
duvar=3/4	0.03	2	0.0207944	0.0
elektrik=3/3	0.03	2	0.0207944	0.0
erdoğan=3/6	0.03	2	0.0207944	0.0
hazırlık=3/6	0.03	2	0.0207944	0.0
prof=3/3	0.03	2	0.0207944	0.0
toplan=3/3	0.03	2	0.0207944	0.0
trabzon=3/4	0.03	2	0.0207944	0.0
şahin=3/3	0.03	2	0.0207944	0.0
aa=49/60	0.49	1	0	0.0
ad=3/4	0.03	1	0	0.0
ada=6/8	0.06	1	0	0.0
adlı=3/4	0.03	1	0	0.0
ahmet=6/8	0.06	1	0	0.0
aile=4/6	0.04	1	0	0.0
ait=10/12	0.1	1	0	0.0
ak=3/3	0.03	1	0	0.0
akşam=7/9	0.07	1	0	0.0
al=30/40	0.3	1	0	0.0
alan=19/32	0.19	1	0	0.0
alarak=6/7	0.06	1	0	0.0
aldık=13/13	0.13	1	0	0.0
ali=6/7	0.06	1	0	0.0
alt=14/23	0.14	1	0	0.0
alınan=26/31	0.26	1	0	0.0
alındık=5/7	0.05	1	0	0.0
alınma=3/3	0.03	1	0	0.0
amacı=7/7	0.07	1	0	0.0
an=12/19	0.12	1	0	0.0
anadolu=7/24	0.07	1	0	0.0
ankara=9/16	0.09	1	0	0.0
anlat=8/10	0.08	1	0	0.0
anlatan=6/7	0.06	1	0	0.0
anne=3/4	0.03	1	0	0.0
ar=3/3	0.03	1	0	0.0
ara=32/49	0.32	1	0	0.0
araç=26/48	0.26	1	0	0.0
araştırma=12/12	0.12	1	0	0.0
arkadaş=4/8	0.04	1	0	0.0
art=41/51	0.41	1	0	0.0
asker=3/6	0.03	1	0	0.0
avrupa=3/4	0.03	1	0	0.0
ay=12/25	0.12	1	0	0.0
ayak=6/9	0.06	1	0	0.0
ayn=11/12	0.11	1	0	0.0
aç=8/10	0.08	1	0	0.0
açık=5/7	0.05	1	0	0.0
açıklama=10/11	0.1	1	0	0.0
ağustos=5/6	0.05	1	0	0.0
ağır=10/14	0.1	1	0	0.0
baba=5/11	0.05	1	0	0.0
bak=3/3	0.03	1	0	0.0
bakan=3/3	0.03	1	0	0.0
bağlı=10/13	0.1	1	0	0.0
baş=12/13	0.12	1	0	0.0
başarı=3/7	0.03	1	0	0.0
başka=10/24	0.1	1	0	0.0
başla=10/14	0.1	1	0	0.0
başladık=3/3	0.03	1	0	0.0
bekle=3/4	0.03	1	0	0.0
belirlen=3/3	0.03	1	0	0.0
belirt=7/9	0.07	1	0	0.0
belirten=9/12	0.09	1	0	0.0
belirterek=4/4	0.04	1	0	0.0
belirtil=7/7	0.07	1	0	0.0
beyaz=5/8	0.05	1	0	0.0
bildir=8/8	0.08	1	0	0.0
bildiril=12/14	0.12	1	0	0.0
bilgi=34/36	0.34	1	0	0.0
birbiri=3/3	0.03	1	0	0.0
birlik=7/8	0.07	1	0	0.0
boy=4/6	0.04	1	0	0.0
bugün=4/6	0.04	1	0	0.0
bul=14/21	0.14	1	0	0.0
bulun=4/4	0.04	1	0	0.0
bulunan=24/32	0.24	1	0	0.0
bulunduk=17/22	0.17	1	0	0.0
bulunma=5/5	0.05	1	0	0.0
bölge=27/44	0.27	1	0	0.0
büyük=12/16	0.12	1	0	0.0
can=3/3	0.03	1	0	0.0
cep=3/8	0.03	1	0	0.0
ceza=6/34	0.06	1	0	0.0
dair=7/7	0.07	1	0	0.0
dakika=3/3	0.03	1	0	0.0
dava=3/4	0.03	1	0	0.0
deniz=3/11	0.03	1	0	0.0
derece=3/6	0.03	1	0	0.0
dernek=4/5	0.04	1	0	0.0
destek=5/6	0.05	1	0	0.0
deva=14/19	0.14	1	0	0.0
devlet=14/15	0.14	1	0	0.0
dikkat=5/7	0.05	1	0	0.0
dil=6/6	0.06	1	0	0.0
diyerek=3/3	0.03	1	0	0.0
doktor=4/4	0.04	1	0	0.0
doğru=5/7	0.05	1	0	0.0
doğu=8/30	0.08	1	0	0.0
duru=11/17	0.11	1	0	0.0
durum=12/15	0.12	1	0	0.0
dön=8/8	0.08	1	0	0.0
dönem=4/8	0.04	1	0	0.0
dönüş=5/7	0.05	1	0	0.0
dün=5/8	0.05	1	0	0.0
düzenlenen=11/11	0.11	1	0	0.0
düş=4/4	0.04	1	0	0.0
dış=8/15	0.08	1	0	0.0
dışarı=4/7	0.04	1	0	0.0
edil=11/12	0.11	1	0	0.0
edildik=7/9	0.07	1	0	0.0
edilen=18/20	0.18	1	0	0.0
ek=7/23	0.07	1	0	0.0
ekip=49/77	0.49	1	0	0.0
el=33/52	0.33	1	0	0.0
emir=6/14	0.06	1	0	0.0
er=7/7	0.07	1	0	0.0
eski=3/6	0.03	1	0	0.0
et=12/15	0.12	1	0	0.0
etki=5/6	0.05	1	0	0.0
etkili=5/7	0.05	1	0	0.0
etme=7/8	0.07	1	0	0.0
etmek=5/5	0.05	1	0	0.0
ev=21/62	0.21	1	0	0.0
eylül=7/7	0.07	1	0	0.0
eğitim=12/17	0.12	1	0	0.0
eş=9/17	0.09	1	0	0.0
faaliyet=4/4	0.04	1	0	0.0
fark=3/3	0.03	1	0	0.0
farklı=5/5	0.05	1	0	0.0
fatih=5/5	0.05	1	0	0.0
faz=6/6	0.06	1	0	0.0
firma=5/7	0.05	1	0	0.0
gece=4/7	0.04	1	0	0.0
gel=16/18	0.16	1	0	0.0
gelen=38/47	0.38	1	0	0.0
gelme=5/5	0.05	1	0	0.0
genel=10/17	0.1	1	0	0.0
genç=7/9	0.07	1	0	0.0
gerek=5/10	0.05	1	0	0.0
gereken=3/3	0.03	1	0	0.0
gerekçe=6/10	0.06	1	0	0.0
geri=7/7	0.07	1	0	0.0
gerçek=4/5	0.04	1	0	0.0
getir=4/4	0.04	1	0	0.0
getiren=3/3	0.03	1	0	0.0
geç=8/10	0.08	1	0	0.0
geçen=14/16	0.14	1	0	0.0
giren=4/4	0.04	1	0	0.0
giriş=5/10	0.05	1	0	0.0
girme=3/3	0.03	1	0	0.0
git=3/4	0.03	1	0	0.0
gittik=3/3	0.03	1	0	0.0
grup=8/21	0.08	1	0	0.0
gör=3/4	0.03	1	0	0.0
gördük=4/4	0.04	1	0	0.0
gören=4/4	0.04	1	0	0.0
görev=6/6	0.06	1	0	0.0
görme=4/4	0.04	1	0	0.0
görül=5/6	0.05	1	0	0.0
görülen=3/3	0.03	1	0	0.0
gösterdik=5/5	0.05	1	0	0.0
gün=20/59	0.2	1	0	0.0
güney=3/8	0.03	1	0	0.0
güvenlik=10/14	0.1	1	0	0.0
güzel=3/5	0.03	1	0	0.0
güç=8/8	0.08	1	0	0.0
haber=3/3	0.03	1	0	0.0
haf=3/4	0.03	1	0	0.0
hak=11/17	0.11	1	0	0.0
hal=11/11	0.11	1	0	0.0
halk=3/4	0.03	1	0	0.0
hareket=3/4	0.03	1	0	0.0
hastane=18/20	0.18	1	0	0.0
hav=7/14	0.07	1	0	0.0
hava=6/9	0.06	1	0	0.0
hayat=13/17	0.13	1	0	0.0
hizmet=6/14	0.06	1	0	0.0
hukuk=3/4	0.03	1	0	0.0
iddia=5/6	0.05	1	0	0.0
ifade=18/29	0.18	1	0	0.0
il=9/13	0.09	1	0	0.0
ileri=3/3	0.03	1	0	0.0
ilgi=4/4	0.04	1	0	0.0
ilginç=3/3	0.03	1	0	0.0
ilk=23/29	0.23	1	0	0.0
in=4/5	0.04	1	0	0.0
insan=3/10	0.03	1	0	0.0
istanbul=15/26	0.15	1	0	0.0
iste=13/13	0.13	1	0	0.0
istedik=8/9	0.08	1	0	0.0
isteyen=7/8	0.07	1	0	0.0
iyi=7/10	0.07	1	0	0.0
iz=6/9	0.06	1	0	0.0
izmir=3/12	0.03	1	0	0.0
iç=7/13	0.07	1	0	0.0
içeri=7/9	0.07	1	0	0.0
iş=17/56	0.17	1	0	0.0
işaret=4/4	0.04	1	0	0.0
işlem=11/11	0.11	1	0	0.0
kadı=9/15	0.09	1	0	0.0
kal=6/6	0.06	1	0	0.0
kalan=5/11	0.05	1	0	0.0
kaldık=3/3	0.03	1	0	0.0
kalma=5/5	0.05	1	0	0.0
kapsam=4/4	0.04	1	0	0.0
kar=15/24	0.15	1	0	0.0
karar=5/9	0.05	1	0	0.0
karşı=14/17	0.14	1	0	0.0
karşılık=6/6	0.06	1	0	0.0
katıl=6/6	0.06	1	0	0.0
katıldık=3/3	0.03	1	0	0.0
kaybet=8/9	0.08	1	0	0.0
kaydedil=4/4	0.04	1	0	0.0
kaydet=7/7	0.07	1	0	0.0
kent=6/9	0.06	1	0	0.0
kes=4/10	0.04	1	0	0.0
kişi=43/79	0.43	1	0	0.0
kontrol=11/19	0.11	1	0	0.0
konu=13/17	0.13	1	0	0.0
konuş=8/10	0.08	1	0	0.0
koy=3/3	0.03	1	0	0.0
kullan=3/3	0.03	1	0	0.0
kullandık=5/5	0.05	1	0	0.0
kullanmak=3/3	0.03	1	0	0.0
kur=13/27	0.13	1	0	0.0
kurban=6/20	0.06	1	0	0.0
küçük=3/3	0.03	1	0	0.0
kıs=7/10	0.07	1	0	0.0
kız=7/18	0.07	1	0	0.0
lira=6/21	0.06	1	0	0.0
madde=6/9	0.06	1	0	0.0
mehmet=5/6	0.05	1	0	0.0
merkez=13/13	0.13	1	0	0.0
meydan=12/17	0.12	1	0	0.0
milyon=4/9	0.04	1	0	0.0
muhabir=11/13	0.11	1	0	0.0
mutlu=3/6	0.03	1	0	0.0
mücadele=8/9	0.08	1	0	0.0
müdür=8/12	0.08	1	0	0.0
müdürlük=20/24	0.2	1	0	0.0
nere=3/3	0.03	1	0	0.0
nokta=4/6	0.04	1	0	0.0
okul=4/25	0.04	1	0	0.0
ol=12/18	0.12	1	0	0.0
olacak=3/4	0.03	1	0	0.0
olay=38/56	0.38	1	0	0.0
olduk=10/14	0.1	1	0	0.0
olma=4/5	0.04	1	0	0.0
olmadık=6/8	0.06	1	0	0.0
oluş=3/3	0.03	1	0	0.0
oluşan=4/4	0.04	1	0	0.0
oluştur=3/3	0.03	1	0	0.0
ora=5/11	0.05	1	0	0.0
oran=3/4	0.03	1	0	0.0
orta=7/9	0.07	1	0	0.0
para=9/13	0.09	1	0	0.0
pazar=3/4	0.03	1	0	0.0
polis=14/27	0.14	1	0	0.0
saat=12/22	0.12	1	0	0.0
sabah=7/11	0.07	1	0	0.0
sahip=12/13	0.12	1	0	0.0
satış=5/15	0.05	1	0	0.0
savunma=3/15	0.03	1	0	0.0
say=4/4	0.04	1	0	0.0
sayı=15/22	0.15	1	0	0.0
sağlık=15/17	0.15	1	0	0.0
sektör=3/15	0.03	1	0	0.0
silah=6/11	0.06	1	0	0.0
sokak=8/11	0.08	1	0	0.0
sonuç=22/25	0.22	1	0	0.0
sosyal=3/3	0.03	1	0	0.0
su=4/12	0.04	1	0	0.0
suç=11/22	0.11	1	0	0.0
söyle=18/21	0.18	1	0	0.0
söz=6/11	0.06	1	0	0.0
sür=14/14	0.14	1	0	0.0
süre=5/6	0.05	1	0	0.0
sürekli=3/3	0.03	1	0	0.0
süren=4/4	0.04	1	0	0.0
sıcak=4/5	0.04	1	0	0.0
sınır=4/6	0.04	1	0	0.0
sır=6/6	0.06	1	0	0.0
sıra=22/26	0.22	1	0	0.0
tahmin=4/4	0.04	1	0	0.0
takip=7/11	0.07	1	0	0.0
talep=8/17	0.08	1	0	0.0
tarih=4/6	0.04	1	0	0.0
tartışma=6/13	0.06	1	0	0.0
taş=6/13	0.06	1	0	0.0
tehdit=4/9	0.04	1	0	0.0
tehlike=5/6	0.05	1	0	0.0
tek=6/11	0.06	1	0	0.0
teknik=4/5	0.04	1	0	0.0
tekrar=3/3	0.03	1	0	0.0
telefon=3/9	0.03	1	0	0.0
tepki=4/6	0.04	1	0	0.0
tespit=10/11	0.1	1	0	0.0
topla=9/11	0.09	1	0	0.0
toplu=3/4	0.03	1	0	0.0
trafik=10/17	0.1	1	0	0.0
türk=5/6	0.05	1	0	0.0
türkiye=10/14	0.1	1	0	0.0
ulaş=3/4	0.03	1	0	0.0
uyarı=8/12	0.08	1	0	0.0
uygulama=3/5	0.03	1	0	0.0
uygun=5/5	0.05	1	0	0.0
uz=4/4	0.04	1	0	0.0
uzman=5/6	0.05	1	0	0.0
vatandaş=19/28	0.19	1	0	0.0
ver=12/20	0.12	1	0	0.0
verdik=4/6	0.04	1	0	0.0
veril=6/7	0.06	1	0	0.0
verilen=5/5	0.05	1	0	0.0
verilme=5/5	0.05	1	0	0.0
verme=9/11	0.09	1	0	0.0
yak=5/5	0.05	1	0	0.0
yakala=5/5	0.05	1	0	0.0
yaklaşık=14/17	0.14	1	0	0.0
yan=8/8	0.08	1	0	0.0
yap=6/6	0.06	1	0	0.0
yapan=9/10	0.09	1	0	0.0
yapma=3/3	0.03	1	0	0.0
yaptık=4/5	0.04	1	0	0.0
yapıl=8/9	0.08	1	0	0.0
yapıldık=3/3	0.03	1	0	0.0
yapılma=3/3	0.03	1	0	0.0
yar=13/18	0.13	1	0	0.0
yardımcı=3/3	0.03	1	0	0.0
yaz=4/5	0.04	1	0	0.0
yaş=10/12	0.1	1	0	0.0
yaşa=7/8	0.07	1	0	0.0
yaşadık=6/8	0.06	1	0	0.0
yaşam=3/3	0.03	1	0	0.0
yaşan=5/5	0.05	1	0	0.0
yaşanan=3/4	0.03	1	0	0.0
yaşayan=3/5	0.03	1	0	0.0
ye=13/17	0.13	1	0	0.0
yen=8/8	0.08	1	0	0.0
yeni=3/3	0.03	1	0	0.0
yer=34/66	0.34	1	0	0.0
yetkili=11/15	0.11	1	0	0.0
yok=5/11	0.05	1	0	0.0
yol=31/56	0.31	1	0	0.0
yoğ=5/6	0.05	1	0	0.0
yurt=3/3	0.03	1	0	0.0
yön=9/9	0.09	1	0	0.0
yönelik=10/13	0.1	1	0	0.0
yönetim=3/3	0.03	1	0	0.0
yöntem=3/7	0.03	1	0	0.0
yük=9/12	0.09	1	0	0.0
yıl=24/47	0.24	1	0	0.0
zaman=5/10	0.05	1	0	0.0
zarar=5/8	0.05	1	0	0.0
ziyaret=3/3	0.03	1	0	0.0
zor=3/3	0.03	1	0	0.0
çaba=3/3	0.03	1	0	0.0
çalış=8/9	0.08	1	0	0.0
çalışan=9/13	0.09	1	0	0.0
çalışma=17/36	0.17	1	0	0.0
çalıştık=8/8	0.08	1	0	0.0
çarşamba=3/5	0.03	1	0	0.0
çevre=13/20	0.13	1	0	0.0
çeşitli=14/14	0.14	1	0	0.0
çift=4/10	0.04	1	0	0.0
çocuk=4/9	0.04	1	0	0.0
çık=22/26	0.22	1	0	0.0
çıkan=20/26	0.2	1	0	0.0
çıkma=9/9	0.09	1	0	0.0
çıkış=5/5	0.05	1	0	0.0
ölü=12/16	0.12	1	0	0.0
ömer=3/6	0.03	1	0	0.0
örgüt=4/11	0.04	1	0	0.0
özel=11/21	0.11	1	0	0.0
özellik=4/6	0.04	1	0	0.0
öğrenci=4/6	0.04	1	0	0.0
ülke=9/16	0.09	1	0	0.0
üniversite=8/8	0.08	1	0	0.0
üye=3/4	0.03	1	0	0.0
üzeri=33/42	0.33	1	0	0.0
şart=3/4	0.03	1	0	0.0
şehir=4/5	0.04	1	0	0.0
şekil=8/11	0.08	1	0	0.0
şekli=4/5	0.04	1	0	0.0
şirket=3/13	0.03	1	0	0.0
